9.612737655639648438e+00,-2.354771852493286133e+00
9.788655281066894531e+00,-2.393644571304321289e+00
9.578431129455566406e+00,-2.446579456329345703e+00
9.787055015563964844e+00,-2.461953401565551758e+00
9.876235961914062500e+00,-2.474074840545654297e+00
9.775817871093750000e+00,-2.511635065078735352e+00
9.883798599243164062e+00,-2.467773914337158203e+00
9.880684852600097656e+00,-2.335353851318359375e+00
9.826997756958007812e+00,-2.422351598739624023e+00
9.946974754333496094e+00,-2.393356084823608398e+00
9.956423759460449219e+00,-2.287507772445678711e+00
9.976086616516113281e+00,-2.321372509002685547e+00
9.918774604797363281e+00,-2.415049552917480469e+00
1.001712703704833984e+01,-2.390412569046020508e+00
9.976171493530273438e+00,-2.629334449768066406e+00
9.900100708007812500e+00,-2.603281021118164062e+00
9.964540481567382812e+00,-2.622279167175292969e+00
9.883710861206054688e+00,-2.665740489959716797e+00
9.846592903137207031e+00,-2.658528566360473633e+00
9.873168945312500000e+00,-2.582257747650146484e+00
1.071446514129638672e+01,-5.507996678352355957e-01
1.081731796264648438e+01,-4.159444868564605713e-01
9.889717102050781250e+00,-3.008596658706665039e+00
1.067545318603515625e+01,-7.357210516929626465e-01
1.057873535156250000e+01,-9.012432098388671875e-01
1.098580360412597656e+01,-1.220152735710144043e+00
9.929284095764160156e+00,-2.887099027633666992e+00
1.153304100036621094e+01,-7.032752037048339844e-01
1.110595703125000000e+01,-4.124787449836730957e-01
9.982122421264648438e+00,-2.852071762084960938e+00
1.086190128326416016e+01,-7.581251263618469238e-01
1.001337337493896484e+01,-3.181682348251342773e+00
9.627088546752929688e+00,-1.968844532966613770e+00
1.004976463317871094e+01,-3.296252489089965820e+00
9.912851333618164062e+00,-2.944699764251708984e+00
1.005491161346435547e+01,-3.168258666992187500e+00
1.022189807891845703e+01,-2.122122794389724731e-01
1.091120147705078125e+01,-4.087440490722656250e+00
1.123177909851074219e+01,-3.229173183441162109e+00
1.169941902160644531e+01,-3.274704694747924805e+00
1.205043220520019531e+01,-2.331373989582061768e-01
1.234208106994628906e+01,-4.082729518413543701e-01
1.238744354248046875e+01,-3.640873134136199951e-01
1.237268638610839844e+01,-4.504536986351013184e-01
1.212208557128906250e+01,-2.617816329002380371e-01
1.242641162872314453e+01,-4.626906216144561768e-01
1.202653312683105469e+01,8.544386923313140869e-02
1.209327983856201172e+01,1.521696746349334717e-01
1.216042327880859375e+01,1.280038058757781982e-01
1.237553310394287109e+01,-3.433474004268646240e-01
8.472235679626464844e+00,-2.499086856842041016e+00
1.104292678833007812e+01,-2.015969276428222656e+00
9.278613090515136719e+00,-3.161386251449584961e+00
1.022427749633789062e+01,-2.893424749374389648e+00
1.351842880249023438e+01,-1.319273710250854492e+00
9.003836631774902344e+00,-3.190418243408203125e+00
1.099556064605712891e+01,-2.895529747009277344e+00
8.931680679321289062e+00,-1.891474843025207520e+00
8.693501472473144531e+00,-2.747725486755371094e+00
9.298602104187011719e+00,-3.334871530532836914e+00
9.650545120239257812e+00,-2.496270179748535156e+00
1.134536361694335938e+01,-3.122129440307617188e+00
1.057072448730468750e+01,-2.917695045471191406e+00
1.007535266876220703e+01,-3.239723443984985352e+00
1.078172397613525391e+01,-3.571084737777709961e+00
9.700620651245117188e+00,-3.092555284500122070e+00
1.051648902893066406e+01,-3.051455497741699219e+00
1.096836376190185547e+01,-3.266864776611328125e+00
1.143931388854980469e+01,-2.956899642944335938e+00
9.614116668701171875e+00,-2.938464164733886719e+00
1.136039257049560547e+01,-2.853312969207763672e+00
9.017198562622070312e+00,-3.093228340148925781e+00
1.074885654449462891e+01,-2.729119539260864258e+00
9.352693557739257812e+00,-2.948761463165283203e+00
1.058871746063232422e+01,-2.756719589233398438e+00
1.067860317230224609e+01,-2.828620910644531250e+00
9.627144813537597656e+00,-3.266466140747070312e+00
1.075460243225097656e+01,-3.134816408157348633e+00
1.334538459777832031e+01,-1.264453887939453125e+00
1.001188850402832031e+01,-3.610874176025390625e+00
9.631202697753906250e+00,-3.314177989959716797e+00
9.120697975158691406e+00,-2.487004756927490234e+00
1.256302356719970703e+01,-4.385582208633422852e-01
9.236163139343261719e+00,-3.078110933303833008e+00
1.122350978851318359e+01,-3.254272222518920898e+00
9.115282058715820312e+00,-3.009028911590576172e+00
8.627362251281738281e+00,-1.809137463569641113e+00
1.069757461547851562e+01,-2.944990873336791992e+00
9.383751869201660156e+00,-2.830781698226928711e+00
8.393941879272460938e+00,-2.505318403244018555e+00
9.318310737609863281e+00,-2.922158241271972656e+00
9.335176467895507812e+00,-2.881295919418334961e+00
1.110400962829589844e+01,-2.870959043502807617e+00
1.112443923950195312e+01,-3.231295824050903320e+00
1.134162139892578125e+01,-3.040607213973999023e+00
1.134805583953857422e+01,-3.002618789672851562e+00
1.096178340911865234e+01,-2.871062278747558594e+00
8.887239456176757812e+00,-2.835890531539916992e+00
9.258977890014648438e+00,-3.018288373947143555e+00
8.479974746704101562e+00,-2.298295259475708008e+00
9.297226905822753906e+00,-3.275326728820800781e+00
1.133961296081542969e+01,-3.701824188232421875e+00
9.616416931152343750e+00,-2.918223142623901367e+00
1.089735984802246094e+01,-2.857156038284301758e+00
1.151346206665039062e+01,-2.884417295455932617e+00
9.091124534606933594e+00,-3.082042455673217773e+00
1.344155025482177734e+01,-1.312706351280212402e+00
8.869177818298339844e+00,-3.258629560470581055e+00
9.133585929870605469e+00,-2.959717035293579102e+00
9.207850456237792969e+00,-2.775303363800048828e+00
8.756820678710937500e+00,-1.617477655410766602e+00
1.131994152069091797e+01,-2.917864322662353516e+00
9.888901710510253906e+00,-2.752253532409667969e+00
8.996442794799804688e+00,-2.451812744140625000e+00
1.137435436248779297e+01,-1.498389601707458496e+00
9.503056526184082031e+00,-2.285539865493774414e+00
9.142728805541992188e+00,-2.919998884201049805e+00
1.073372364044189453e+01,-2.611325502395629883e+00
1.076316070556640625e+01,-2.124742031097412109e+00
1.155218029022216797e+01,-2.882499694824218750e+00
1.090232944488525391e+01,-2.860571384429931641e+00
1.118931293487548828e+01,-3.102511882781982422e+00
1.106985378265380859e+01,-3.389547824859619141e+00
1.114125347137451172e+01,-2.783455848693847656e+00
1.049475002288818359e+01,-2.889315366744995117e+00
9.222182273864746094e+00,-2.773445844650268555e+00
1.013810539245605469e+01,-2.998683691024780273e+00
1.106313228607177734e+01,-2.970166921615600586e+00
1.004125022888183594e+01,-2.741492986679077148e+00
8.850123405456542969e+00,-2.991338253021240234e+00
1.028449440002441406e+01,-2.875755786895751953e+00
8.956640243530273438e+00,-3.241255521774291992e+00
9.571743965148925781e+00,-1.678772449493408203e+00
8.515380859375000000e+00,-1.677365660667419434e+00
8.987171173095703125e+00,-3.020375251770019531e+00
8.817663192749023438e+00,-3.245987176895141602e+00
1.040263938903808594e+01,-2.983148336410522461e+00
9.590243339538574219e+00,-2.927526950836181641e+00
1.006259250640869141e+01,-2.533686876296997070e+00
1.117640304565429688e+01,-3.142031908035278320e+00
1.084771156311035156e+01,-2.023881196975708008e+00
9.375632286071777344e+00,-2.446178197860717773e+00
9.384715080261230469e+00,-2.812396287918090820e+00
9.351259231567382812e+00,-2.589997053146362305e+00
1.159445953369140625e+01,-2.841717958450317383e+00
1.080165100097656250e+01,-2.738728761672973633e+00
1.012266635894775391e+01,-2.977915763854980469e+00
9.341964721679687500e+00,-2.655981779098510742e+00
9.865653038024902344e+00,-2.535759449005126953e+00
1.190384101867675781e+01,-3.562785863876342773e+00
9.596204757690429688e+00,-1.768856763839721680e+00
9.589051246643066406e+00,-1.797296166419982910e+00
1.065529346466064453e+01,-4.116343021392822266e+00
1.108027076721191406e+01,-1.813117027282714844e+00
1.199130535125732422e+01,5.818189978599548340e-01
8.282752037048339844e+00,3.059305429458618164e+00
1.253912353515625000e+01,8.321603536605834961e-01
9.739233016967773438e+00,-2.663687229156494141e+00
9.762846946716308594e+00,-3.067175388336181641e+00
1.076741790771484375e+01,-6.822549104690551758e-01
1.164880466461181641e+01,-1.715174436569213867e+00
1.066016769409179688e+01,-3.271473646163940430e+00
1.148553657531738281e+01,-1.705238938331604004e+00
1.171215915679931641e+01,-7.351152598857879639e-02
9.540070533752441406e+00,-1.010461091995239258e+00
1.063467597961425781e+01,-2.765056133270263672e+00
1.070427322387695312e+01,-1.627155303955078125e+00
1.049497604370117188e+01,-3.456228494644165039e+00
9.051539421081542969e+00,-1.108171105384826660e+00
1.025207328796386719e+01,-2.760714530944824219e+00
1.167242908477783203e+01,-2.318665504455566406e+00
1.208520984649658203e+01,-4.920130372047424316e-01
1.225788784027099609e+01,1.004793643951416016e+00
6.535896778106689453e+00,-7.133203744888305664e-01
7.071088314056396484e+00,-1.135246276855468750e+00
1.129200172424316406e+01,-8.673579096794128418e-01
7.092122077941894531e+00,-5.782557129859924316e-01
7.881332397460937500e+00,-6.437064409255981445e-01
1.142288875579833984e+01,4.005635678768157959e-01
1.233464717864990234e+01,2.526270627975463867e+00
9.375194549560546875e+00,9.278819561004638672e-01
8.626951217651367188e+00,5.316407084465026855e-01
6.468510150909423828e+00,-6.773734688758850098e-01
8.796593666076660156e+00,4.491175115108489990e-01
9.541970252990722656e+00,-5.618276000022888184e-01
6.938333034515380859e+00,-1.201431751251220703e+00
8.954161643981933594e+00,2.258117794990539551e-01
9.246591567993164062e+00,8.373830914497375488e-01
1.193298435211181641e+01,2.293895959854125977e+00
1.145114803314208984e+01,4.694730937480926514e-01
1.160604476928710938e+01,1.322340846061706543e+00
7.460382938385009766e+00,2.199823617935180664e+00
9.888356208801269531e+00,-6.731204390525817871e-01
1.042075538635253906e+01,-3.449642062187194824e-01
7.596216201782226562e+00,-1.055513024330139160e+00
9.296696662902832031e+00,6.563239097595214844e-01
1.140723323822021484e+01,6.627582311630249023e-01
1.128086566925048828e+01,2.317402601242065430e+00
9.726968765258789062e+00,6.466886401176452637e-01
9.292069435119628906e+00,-2.209479570388793945e+00
9.718477249145507812e+00,-3.115845203399658203e+00
9.958708763122558594e+00,-1.891463518142700195e+00
7.942228317260742188e+00,-1.274776458740234375e+00
8.134146690368652344e+00,5.652033165097236633e-02
1.118009471893310547e+01,5.235704183578491211e-01
1.148092365264892578e+01,1.178311556577682495e-01
7.516531944274902344e+00,4.552814066410064697e-01
7.468769550323486328e+00,-6.828925609588623047e-01
6.516162872314453125e+00,-6.797550916671752930e-01
1.000417041778564453e+01,-3.620753288269042969e+00
9.350245475769042969e+00,-1.677432537078857422e+00
1.204207706451416016e+01,-7.003448605537414551e-01
1.093875217437744141e+01,-2.418129682540893555e+00
1.141515445709228516e+01,2.011181563138961792e-01
1.144913387298583984e+01,7.426128983497619629e-01
9.291731834411621094e+00,-3.285608768463134766e+00
9.966351509094238281e+00,-2.181435823440551758e+00
9.429169654846191406e+00,-1.862667322158813477e+00
9.242812156677246094e+00,-2.378265619277954102e+00
1.120958614349365234e+01,-1.130736351013183594e+00
9.780316352844238281e+00,-1.715075373649597168e+00
1.212440395355224609e+01,-3.534160137176513672e+00
1.175313854217529297e+01,2.919728159904479980e-01
1.155503845214843750e+01,-8.762659877538681030e-02
9.574841499328613281e+00,-3.014010906219482422e+00
9.994007110595703125e+00,-2.711618423461914062e+00
8.619075775146484375e+00,-7.721052318811416626e-02
1.012174415588378906e+01,-2.167733430862426758e+00
9.724554061889648438e+00,-1.380457401275634766e+00
1.132731342315673828e+01,-9.558281302452087402e-01
1.143738937377929688e+01,2.100424766540527344e+00
1.176099109649658203e+01,1.729817986488342285e-01
1.183292770385742188e+01,-2.338143140077590942e-01
1.068497276306152344e+01,-3.614567995071411133e+00
1.067859935760498047e+01,-3.117079257965087891e+00
9.661186218261718750e+00,5.077480077743530273e-01
1.074085998535156250e+01,-4.175223350524902344e+00
1.277207374572753906e+01,9.355242848396301270e-01
1.215958309173583984e+01,7.083202600479125977e-01
1.320537376403808594e+01,1.314218521118164062e+00
1.044684219360351562e+01,-2.673916816711425781e+00
1.064900207519531250e+01,-3.005568981170654297e+00
1.022639465332031250e+01,-3.653893232345581055e+00
1.145244979858398438e+01,-1.221772074699401855e+00
1.026424884796142578e+01,-2.382119417190551758e+00
7.572376728057861328e+00,-8.746265172958374023e-01
1.032093715667724609e+01,2.328380197286605835e-01
1.174456787109375000e+01,3.183977603912353516e-01
7.492791175842285156e+00,3.349510669708251953e+00
8.160016059875488281e+00,-9.927248358726501465e-01
7.692288875579833984e+00,1.211706697940826416e-01
7.147462368011474609e+00,1.109336782246828079e-02
1.075869846343994141e+01,-8.104539513587951660e-01
9.023406982421875000e+00,7.004475593566894531e-01
6.799400806427001953e+00,8.797343969345092773e-01
1.116561985015869141e+01,7.869622111320495605e-01
1.205011558532714844e+01,3.626578152179718018e-01
7.195911407470703125e+00,3.669756650924682617e-02
1.220134449005126953e+01,1.790376782417297363e+00
8.023250579833984375e+00,-7.099507451057434082e-01
8.041136741638183594e+00,2.524859309196472168e-01
1.208948230743408203e+01,9.330874085426330566e-01
8.735375404357910156e+00,-1.023408863693475723e-02
1.073819732666015625e+01,2.427886486053466797e+00
1.115904140472412109e+01,2.068234980106353760e-01
1.116870212554931641e+01,1.156612396240234375e+00
7.521967411041259766e+00,-8.613713383674621582e-01
8.318269729614257812e+00,-1.227884054183959961e+00
7.825916290283203125e+00,9.581218957901000977e-01
1.005472087860107422e+01,-3.856817960739135742e+00
9.214500427246093750e+00,2.595723867416381836e-01
1.129125022888183594e+01,7.750205993652343750e-01
1.095360088348388672e+01,2.313289880752563477e+00
1.161207771301269531e+01,1.334845274686813354e-01
9.976103782653808594e+00,-4.867800772190093994e-01
7.874390602111816406e+00,2.198103219270706177e-01
1.129650497436523438e+01,5.124579071998596191e-01
1.105338191986083984e+01,-7.574511170387268066e-01
9.888244628906250000e+00,-3.519471406936645508e+00
1.150564861297607422e+01,-2.701640315353870392e-02
9.380558013916015625e+00,5.633674263954162598e-01
1.344513130187988281e+01,-1.265349030494689941e+00
1.159278297424316406e+01,-4.624879360198974609e-01
1.025094890594482422e+01,-8.033850789070129395e-01
1.006477260589599609e+01,-4.347674846649169922e+00
1.080683994293212891e+01,-7.000843286514282227e-01
1.015412235260009766e+01,-1.593707680702209473e+00
1.031187248229980469e+01,-4.156363964080810547e+00
8.767118453979492188e+00,-3.365750312805175781e-01
9.747106552124023438e+00,-1.556448221206665039e+00
1.184665012359619141e+01,-2.482872247695922852e+00
1.156741142272949219e+01,1.100536435842514038e-02
1.033392906188964844e+01,-8.012314438819885254e-01
1.230931854248046875e+01,-7.055770158767700195e-01
1.115731716156005859e+01,1.268965840339660645e+00
1.229285621643066406e+01,1.008749842643737793e+00
1.183444881439208984e+01,-5.705197453498840332e-01
1.154102230072021484e+01,4.930444657802581787e-01
1.191117000579833984e+01,1.241783857345581055e+00
1.246658325195312500e+01,5.611850023269653320e-01
1.202991962432861328e+01,7.792385220527648926e-01
1.189449787139892578e+01,-1.389242261648178101e-01
1.222380447387695312e+01,4.801098108291625977e-01
1.233914279937744141e+01,4.622458815574645996e-01
1.159376430511474609e+01,8.571561425924301147e-03
1.226471042633056641e+01,-5.126745700836181641e-01
1.157458019256591797e+01,8.251583576202392578e-01
1.161743164062500000e+01,5.954108834266662598e-01
1.217774772644042969e+01,-5.444697141647338867e-01
1.205983448028564453e+01,-3.826381862163543701e-01
1.141729068756103516e+01,1.008657217025756836e+00
1.252613067626953125e+01,8.266748189926147461e-01
1.210583782196044922e+01,-2.369938492774963379e-01
1.144094467163085938e+01,5.410732626914978027e-01
1.229045867919921875e+01,-1.657319664955139160e-01
1.184581756591796875e+01,3.582182228565216064e-01
1.190514659881591797e+01,1.542671203613281250e+00
1.252381610870361328e+01,4.379877150058746338e-01
1.223867988586425781e+01,-3.356133103370666504e-01
1.210033702850341797e+01,2.396519660949707031e+00
1.188208580017089844e+01,2.209944486618041992e+00
1.207856464385986328e+01,1.430488675832748413e-01
1.237501239776611328e+01,1.622921228408813477e+00
1.237003898620605469e+01,2.331089973449707031e+00
1.210676956176757812e+01,-2.970778644084930420e-01
1.153342342376708984e+01,1.449386119842529297e+00
1.140084552764892578e+01,5.048597455024719238e-01
1.192199802398681641e+01,5.115491524338722229e-02
1.124568176269531250e+01,1.371439576148986816e+00
7.787615299224853516e+00,-1.001847863197326660e+00
9.479135513305664062e+00,-1.321740597486495972e-01
7.747533798217773438e+00,4.876749515533447266e-01
9.608564376831054688e+00,-4.033015370368957520e-01
1.114561176300048828e+01,-1.356062144041061401e-01
8.025306701660156250e+00,4.370002150535583496e-01
7.484310150146484375e+00,2.115748882293701172e+00
1.166663646697998047e+01,-4.211917221546173096e-01
8.627571105957031250e+00,-1.376229643821716309e+00
7.792946338653564453e+00,-1.215611219406127930e+00
1.093599033355712891e+01,2.027095407247543335e-01
9.203496932983398438e+00,8.231199979782104492e-01
1.056808757781982422e+01,-3.823621749877929688e+00
1.061747455596923828e+01,-1.290978640317916870e-01
9.011201858520507812e+00,-1.977422952651977539e+00
1.100216293334960938e+01,-3.862031459808349609e+00
1.103506660461425781e+01,-7.219360470771789551e-01
7.979381561279296875e+00,-1.221563816070556641e+00
7.833703041076660156e+00,-3.432197123765945435e-02
1.096819305419921875e+01,-4.772930741310119629e-01
8.247353553771972656e+00,-2.703437805175781250e-01
7.691814422607421875e+00,-3.028058409690856934e-01
1.098411655426025391e+01,2.613945305347442627e-01
8.390220642089843750e+00,-1.678596019744873047e+00
1.067256259918212891e+01,-4.234127044677734375e+00
1.161112689971923828e+01,-1.834264993667602539e-01
9.889231681823730469e+00,-2.330461263656616211e+00
9.423652648925781250e+00,-2.625964641571044922e+00
1.144600868225097656e+01,-2.606656849384307861e-01
9.737789154052734375e+00,7.248216867446899414e-01
1.028701210021972656e+01,-2.422936677932739258e+00
1.141442298889160156e+01,-1.044225692749023438e+00
8.319907188415527344e+00,-7.480115890502929688e-01
1.143013286590576172e+01,-1.210763573646545410e+00
1.025065803527832031e+01,-4.493267536163330078e-01
9.443729400634765625e+00,-5.765754580497741699e-01
1.191284561157226562e+01,-1.772790670394897461e+00
1.054993629455566406e+01,-5.953675508499145508e-01
1.135564327239990234e+01,-2.478295378386974335e-02
1.111892032623291016e+01,-1.694211959838867188e+00
1.052798748016357422e+01,-7.902224063873291016e-01
9.511225700378417969e+00,-4.764243364334106445e-01
1.146454048156738281e+01,-1.419368505477905273e+00
1.071574592590332031e+01,2.302172929048538208e-01
1.056545066833496094e+01,-1.632530450820922852e+00
9.771703720092773438e+00,-2.843522548675537109e+00
1.071378517150878906e+01,-7.357236146926879883e-01
1.159090805053710938e+01,4.681895375251770020e-01
1.212442016601562500e+01,1.210679769515991211e+00
1.096007347106933594e+01,1.091265320777893066e+00
1.184263992309570312e+01,9.436947703361511230e-01
1.217660808563232422e+01,1.371401250362396240e-01
1.092587852478027344e+01,9.884844422340393066e-01
1.187976264953613281e+01,4.124996662139892578e-01
1.266435050964355469e+01,9.286369085311889648e-01
1.148029136657714844e+01,1.478834986686706543e+00
1.195351886749267578e+01,-5.348989367485046387e-01
1.239368152618408203e+01,9.203628301620483398e-01
1.222427082061767578e+01,4.714463055133819580e-01
1.194605922698974609e+01,-3.098891079425811768e-01
1.189612388610839844e+01,1.281260132789611816e+00
1.131356906890869141e+01,7.592396736145019531e-01
1.171195983886718750e+01,-1.495374888181686401e-01
1.226652336120605469e+01,1.054167151451110840e+00
1.116375923156738281e+01,1.140678524971008301e+00
1.199202442169189453e+01,-1.148585602641105652e-01
1.104806518554687500e+01,1.239332318305969238e+00
1.196759128570556641e+01,1.660243034362792969e+00
1.155080699920654297e+01,1.957079917192459106e-01
1.205088996887207031e+01,1.204006075859069824e+00
1.120032978057861328e+01,1.000016570091247559e+00
1.192228698730468750e+01,6.576424092054367065e-02
1.136275768280029297e+01,1.792588114738464355e+00
7.626329421997070312e+00,-9.112611413002014160e-01
8.036914825439453125e+00,6.489443778991699219e-01
7.292845726013183594e+00,-7.194121479988098145e-01
8.417538642883300781e+00,-6.027644872665405273e-01
9.701552391052246094e+00,-1.481416225433349609e+00
1.066655445098876953e+01,2.129962205886840820e+00
1.129913330078125000e+01,1.839196920394897461e+00
1.142549705505371094e+01,6.823011487722396851e-02
8.593144416809082031e+00,3.444888353347778320e+00
7.466780662536621094e+00,-1.344421505928039551e-01
1.130383491516113281e+01,-7.332180142402648926e-01
1.015103530883789062e+01,-4.193607330322265625e+00
8.667674064636230469e+00,9.931648522615432739e-02
8.076684951782226562e+00,-3.544392436742782593e-02
8.586130142211914062e+00,-1.123834848403930664e+00
8.967159271240234375e+00,-1.103544235229492188e+00
9.920002937316894531e+00,-9.144617319107055664e-01
9.014977455139160156e+00,2.057957649230957031e-01
8.596938133239746094e+00,-9.646696597337722778e-02
1.081139564514160156e+01,-1.899541616439819336e+00
8.837132453918457031e+00,-4.140718281269073486e-01
8.255302429199218750e+00,-1.370404005050659180e+00
9.357757568359375000e+00,-2.341815084218978882e-01
1.069762134552001953e+01,-3.225886106491088867e+00
1.027945518493652344e+01,-3.273203670978546143e-01
1.168257713317871094e+01,-1.631437242031097412e-01
1.100179100036621094e+01,-1.131604790687561035e+00
8.612935066223144531e+00,-2.041657082736492157e-02
9.695302963256835938e+00,-6.195234060287475586e-01
1.128434944152832031e+01,-3.375089406967163086e+00
9.352611541748046875e+00,3.267619013786315918e-01
1.170639514923095703e+01,-8.341805338859558105e-01
9.322698593139648438e+00,-2.279100418090820312e+00
1.019554901123046875e+01,-4.119454026222229004e-01
1.195604801177978516e+01,-4.732400178909301758e-02
1.224686336517333984e+01,-7.636645436286926270e-01
1.139476013183593750e+01,1.458871722221374512e+00
1.189142990112304688e+01,1.433546781539916992e+00
1.201571750640869141e+01,-7.697460651397705078e-01
1.087203598022460938e+01,1.007451415061950684e+00
1.168729019165039062e+01,1.140628933906555176e+00
1.217290210723876953e+01,-7.243421673774719238e-01
1.119601631164550781e+01,1.143917679786682129e+00
1.177465534210205078e+01,3.317061364650726318e-01
1.187573337554931641e+01,-6.251761317253112793e-01
1.223688030242919922e+01,1.306041002273559570e+00
1.127930355072021484e+01,5.330648422241210938e-01
1.214563655853271484e+01,-7.442051172256469727e-01
1.155652141571044922e+01,7.038388252258300781e-01
1.145152568817138672e+01,7.027347087860107422e-01
1.201465034484863281e+01,-5.669838786125183105e-01
1.212022495269775391e+01,6.575335264205932617e-01
1.125779819488525391e+01,5.272930264472961426e-01
1.199272632598876953e+01,-6.773141026496887207e-01
1.091493129730224609e+01,1.002783179283142090e+00
1.134558963775634766e+01,6.964119672775268555e-01
1.191288280487060547e+01,-7.048960328102111816e-01
1.162747859954833984e+01,5.111272335052490234e-01
1.148384666442871094e+01,8.502606749534606934e-01
1.213998985290527344e+01,1.185720920562744141e+00
1.164934349060058594e+01,1.383993148803710938e+00
1.188210868835449219e+01,1.935551404953002930e+00
1.178075218200683594e+01,1.463304877281188965e+00
1.107574176788330078e+01,1.099762558937072754e+00
1.234522819519042969e+01,1.620527982711791992e+00
1.252253246307373047e+01,4.950280487537384033e-01
1.187682819366455078e+01,1.472954601049423218e-01
1.157687950134277344e+01,1.411996722221374512e+00
1.152814006805419922e+01,1.580224633216857910e-01
1.177122974395751953e+01,1.098161101341247559e+00
1.146458530426025391e+01,1.329023838043212891e+00
9.527081489562988281e+00,-5.274311900138854980e-01
7.722671031951904297e+00,8.812730908393859863e-01
7.485952854156494141e+00,6.255008578300476074e-01
1.131525993347167969e+01,3.478894233703613281e-01
1.193027019500732422e+01,1.118022918701171875e+00
7.993398666381835938e+00,3.829031586647033691e-01
9.153820991516113281e+00,2.913159728050231934e-01
9.779027938842773438e+00,-1.190428622066974640e-02
8.179214477539062500e+00,-1.452278852462768555e+00
8.158311843872070312e+00,-8.522558212280273438e-01
9.155041694641113281e+00,7.530241608619689941e-01
7.831523418426513672e+00,4.460021555423736572e-01
1.056114768981933594e+01,-2.073791980743408203e+00
9.334177970886230469e+00,7.700438499450683594e-01
8.749593734741210938e+00,-6.651945710182189941e-01
1.193466472625732422e+01,-6.525081992149353027e-01
1.033579349517822266e+01,-6.281821131706237793e-01
7.995700836181640625e+00,-1.238272428512573242e+00
9.963525772094726562e+00,5.612773299217224121e-01
1.059025287628173828e+01,4.308420419692993164e-01
8.333344459533691406e+00,7.968050241470336914e-02
1.180485725402832031e+01,1.110624432563781738e+00
1.098161697387695312e+01,4.146082103252410889e-01
8.384869575500488281e+00,-1.641234993934631348e+00
9.971446037292480469e+00,-1.494630217552185059e+00
1.065297222137451172e+01,4.877394735813140869e-01
9.896489143371582031e+00,7.626574039459228516e-01
1.002075481414794922e+01,-2.432924509048461914e+00
1.121772956848144531e+01,-1.641622632741928101e-01
9.926736831665039062e+00,4.359440207481384277e-01
1.006624984741210938e+01,-2.208254814147949219e+00
1.030309581756591797e+01,-1.001238971948623657e-01
1.044983482360839844e+01,1.033350467681884766e+00
1.151189422607421875e+01,-8.334484696388244629e-01
1.045745658874511719e+01,-3.817459344863891602e-01
9.451317787170410156e+00,-5.931735038757324219e-01
1.193386173248291016e+01,-1.327975273132324219e+00
1.063017749786376953e+01,-3.815242946147918701e-01
1.039797878265380859e+01,9.378316998481750488e-01
1.149431037902832031e+01,-1.079415440559387207e+00
1.069810295104980469e+01,-1.381195895373821259e-02
9.529327392578125000e+00,-5.166841745376586914e-01
1.144664859771728516e+01,-1.355967998504638672e+00
1.000204372406005859e+01,5.105458498001098633e-01
1.002423667907714844e+01,5.880925059318542480e-01
1.136565876007080078e+01,-1.411842823028564453e+00
1.077221202850341797e+01,3.578099980950355530e-02
1.043348312377929688e+01,6.447193026542663574e-01
1.226808357238769531e+01,-4.477686882019042969e-01
1.108368587493896484e+01,1.215303421020507812e+00
1.189475822448730469e+01,1.371781826019287109e+00
1.209864330291748047e+01,-3.092121481895446777e-01
1.089738082885742188e+01,1.069017410278320312e+00
1.161331462860107422e+01,6.289529800415039062e-01
1.224222946166992188e+01,-5.538551211357116699e-01
1.143381786346435547e+01,1.546513795852661133e+00
1.172485065460205078e+01,2.420491576194763184e-01
1.235859775543212891e+01,6.979625225067138672e-01
1.217972278594970703e+01,1.429918289184570312e+00
1.156635570526123047e+01,7.993376255035400391e-01
1.212483119964599609e+01,-2.588976919651031494e-01
1.129760932922363281e+01,1.278003334999084473e+00
1.185768318176269531e+01,2.160357534885406494e-01
1.203518962860107422e+01,-2.514968812465667725e-01
1.122936058044433594e+01,1.188021063804626465e+00
1.125815963745117188e+01,5.430483818054199219e-01
1.125000476837158203e+01,1.099807620048522949e+00
1.161538696289062500e+01,1.098368883132934570e+00
1.139107894897460938e+01,2.353976368904113770e-01
1.206608486175537109e+01,1.107332348823547363e+00
1.112347698211669922e+01,1.098520636558532715e+00
1.199052333831787109e+01,3.163771629333496094e-01
1.147300624847412109e+01,6.666240692138671875e-01
7.553394794464111328e+00,-9.190080165863037109e-01
8.590365409851074219e+00,4.070466458797454834e-01
1.041992855072021484e+01,-6.410270333290100098e-01
8.412377357482910156e+00,8.358623832464218140e-02
8.384798049926757812e+00,-5.185352563858032227e-01
1.057816791534423828e+01,1.536353111267089844e+00
1.145685291290283203e+01,1.896202087402343750e+00
1.128828048706054688e+01,6.493121981620788574e-01
9.014532089233398438e+00,2.196335345506668091e-01
7.438004970550537109e+00,3.494963943958282471e-01
9.223683357238769531e+00,-4.046763896942138672e+00
1.116950416564941406e+01,-3.975232124328613281e+00
8.549549102783203125e+00,7.404240965843200684e-02
1.079072570800781250e+01,9.970208406448364258e-01
1.012655735015869141e+01,-4.939415752887725830e-01
8.302659034729003906e+00,-1.363778591156005859e+00
8.838631629943847656e+00,-1.627785086631774902e+00
1.085010242462158203e+01,-5.559622049331665039e-01
8.605196952819824219e+00,1.127653196454048157e-01
1.225525951385498047e+01,7.670658826828002930e-01
1.063742065429687500e+01,-7.139827609062194824e-01
7.720064640045166016e+00,-7.052442431449890137e-01
1.034404277801513672e+01,5.437563061714172363e-01
1.162347221374511719e+01,-8.329551815986633301e-01
1.019881820678710938e+01,-3.171654939651489258e-01
1.064498138427734375e+01,9.677498936653137207e-01
1.127605247497558594e+01,-1.225737094879150391e+00
1.080175685882568359e+01,2.785964906215667725e-01
9.625933647155761719e+00,-5.684641003608703613e-01
1.163634681701660156e+01,-1.269307017326354980e+00
9.786422729492187500e+00,4.832249581813812256e-01
1.018692970275878906e+01,7.321085929870605469e-01
1.119562149047851562e+01,-1.583188056945800781e+00
1.027579879760742188e+01,-3.133622109889984131e-01
1.075337600708007812e+01,7.455316185951232910e-01
1.210495853424072266e+01,-8.777616024017333984e-01
1.157297992706298828e+01,1.644662499427795410e+00
1.159297370910644531e+01,1.339672088623046875e+00
1.195516681671142578e+01,-7.708309888839721680e-01
1.081260108947753906e+01,1.027626156806945801e+00
1.130631256103515625e+01,5.386676788330078125e-01
1.219269371032714844e+01,-6.673620343208312988e-01
1.098354053497314453e+01,1.138685107231140137e+00
1.141596031188964844e+01,5.548210144042968750e-01
1.192707633972167969e+01,-7.632904648780822754e-01
1.204743957519531250e+01,1.033745527267456055e+00
1.144513416290283203e+01,8.305550217628479004e-01
1.206616115570068359e+01,-8.800224661827087402e-01
1.200978851318359375e+01,1.059724807739257812e+00
1.113473320007324219e+01,3.692733347415924072e-01
1.170729541778564453e+01,-4.771787226200103760e-01
1.121627140045166016e+01,1.016101360321044922e+00
1.127031326293945312e+01,5.655083060264587402e-01
1.209739303588867188e+01,-8.239140510559082031e-01
1.096141624450683594e+01,1.179049730300903320e+00
1.112378501892089844e+01,5.053113698959350586e-01
1.165307140350341797e+01,-6.572626829147338867e-01
1.147170448303222656e+01,1.033715248107910156e+00
1.130902862548828125e+01,5.649800896644592285e-01
1.206364727020263672e+01,-3.366507589817047119e-01
1.174210166931152344e+01,1.659856915473937988e+00
1.161344718933105469e+01,1.593778371810913086e+00
1.156313037872314453e+01,-1.673397570848464966e-01
1.116080093383789062e+01,1.216508388519287109e+00
1.250208282470703125e+01,1.812350034713745117e+00
1.216340732574462891e+01,-4.626524746417999268e-01
1.104580974578857422e+01,1.004325151443481445e+00
1.145412254333496094e+01,1.107114911079406738e+00
1.176661777496337891e+01,-5.402323007583618164e-01
1.164232730865478516e+01,1.550518751144409180e+00
1.155868053436279297e+01,1.391818404197692871e+00
1.192470073699951172e+01,-3.904657363891601562e-01
7.331886291503906250e+00,-8.866295814514160156e-01
7.446661949157714844e+00,7.016537189483642578e-01
1.151313686370849609e+01,-6.552972644567489624e-02
1.251354885101318359e+01,1.850299358367919922e+00
8.276724815368652344e+00,2.567822337150573730e-01
8.080548286437988281e+00,7.616258859634399414e-01
7.763516902923583984e+00,-9.234640002250671387e-01
8.198084831237792969e+00,-1.539682984352111816e+00
9.224497795104980469e+00,5.532567501068115234e-01
7.786261081695556641e+00,4.616554379463195801e-01
7.852280139923095703e+00,5.000439882278442383e-01
1.172242641448974609e+01,-6.250761747360229492e-01
8.752847671508789062e+00,5.592288970947265625e-01
9.351348876953125000e+00,-2.198438882827758789e+00
1.147352027893066406e+01,-7.972346544265747070e-01
6.562202453613281250e+00,-7.692484855651855469e-01
7.980932712554931641e+00,-1.279261708259582520e+00
1.214754486083984375e+01,-8.063111305236816406e-01
8.375164031982421875e+00,-1.130503788590431213e-01
8.431539535522460938e+00,-2.179597690701484680e-02
1.125077056884765625e+01,-6.444397568702697754e-01
7.698171138763427734e+00,-6.172565817832946777e-01
1.035005950927734375e+01,-3.976639509201049805e+00
1.190462112426757812e+01,-9.720537066459655762e-01
9.916519165039062500e+00,4.762488901615142822e-01
9.862216949462890625e+00,7.906321287155151367e-01
1.144306755065917969e+01,-1.165735483169555664e+00
1.063035297393798828e+01,1.848729699850082397e-01
9.899441719055175781e+00,1.209819503128528595e-02
1.188060188293457031e+01,-1.320827722549438477e+00
1.021470832824707031e+01,-7.392887957394123077e-03
1.029481124877929688e+01,8.997455835342407227e-01
1.149330425262451172e+01,-9.137348532676696777e-01
1.047771835327148438e+01,-3.935696780681610107e-01
9.570691108703613281e+00,-4.306048750877380371e-01
1.186496639251708984e+01,-1.282373785972595215e+00
1.011994266510009766e+01,-2.038870304822921753e-01
1.043479824066162109e+01,9.789621233940124512e-01
1.149460411071777344e+01,-1.100961208343505859e+00
1.072853183746337891e+01,5.975122749805450439e-02
9.681303977966308594e+00,-3.215898573398590088e-01
1.190806961059570312e+01,-1.229071855545043945e+00
1.008207798004150391e+01,2.568346858024597168e-01
1.007630634307861328e+01,7.995055913925170898e-01
1.154510116577148438e+01,-1.074463009834289551e+00
1.080226516723632812e+01,2.106663584709167480e-01
9.837352752685546875e+00,-9.350059926509857178e-02
1.217553710937500000e+01,-7.429091930389404297e-01
1.129653263092041016e+01,1.450892567634582520e+00
1.135479736328125000e+01,5.828279256820678711e-01
1.201029109954833984e+01,-7.495994567871093750e-01
1.083968257904052734e+01,1.038164258003234863e+00
1.132516956329345703e+01,4.278204143047332764e-01
1.219029808044433594e+01,-5.975955128669738770e-01
1.123000717163085938e+01,1.355661988258361816e+00
1.129483413696289062e+01,4.812494218349456787e-01
1.178629207611083984e+01,-4.990406930446624756e-01
1.219454383850097656e+01,1.254601359367370605e+00
1.167788600921630859e+01,1.037594318389892578e+00
1.208759212493896484e+01,-5.024371147155761719e-01
1.188959693908691406e+01,2.967177331447601318e-01
1.170351409912109375e+01,1.667461752891540527e+00
1.178630828857421875e+01,2.419814020395278931e-01
1.116515636444091797e+01,1.229712724685668945e+00
1.139703083038330078e+01,6.879458427429199219e-01
1.218039321899414062e+01,-6.545372009277343750e-01
1.143165206909179688e+01,1.018660068511962891e+00
1.125845336914062500e+01,5.417075157165527344e-01
1.163974285125732422e+01,-2.852489799261093140e-02
1.118128871917724609e+01,1.029348373413085938e+00
1.192393970489501953e+01,1.131791949272155762e+00
1.189003372192382812e+01,-2.566966116428375244e-01
7.598689556121826172e+00,-8.842441439628601074e-01
7.311241149902343750e+00,5.079449415206909180e-01
1.078741455078125000e+01,-6.816168427467346191e-01
8.387549400329589844e+00,3.015784919261932373e-01
8.154555320739746094e+00,2.379454970359802246e-01
1.205259609222412109e+01,-3.246882557868957520e-01
1.162548065185546875e+01,1.853358745574951172e+00
1.152029609680175781e+01,1.870790004730224609e+00
9.319192886352539062e+00,4.945330619812011719e-01
7.356816768646240234e+00,3.331034183502197266e-01
7.812584877014160156e+00,-1.307871818542480469e+00
1.171332550048828125e+01,-1.050001382827758789e+00
8.599066734313964844e+00,-1.708621624857187271e-03
8.620238304138183594e+00,2.287699937820434570e+00
1.121145534515380859e+01,-5.711688995361328125e-01
8.375971794128417969e+00,-1.301187157630920410e+00
8.588263511657714844e+00,-1.597270607948303223e+00
1.202246475219726562e+01,-5.308395624160766602e-01
9.330019950866699219e+00,3.162787854671478271e-01
7.537487030029296875e+00,-5.624997895210981369e-03
1.092381668090820312e+01,-1.401740431785583496e+00
7.712310791015625000e+00,-5.893152952194213867e-01
8.414068222045898438e+00,-1.096596717834472656e+00
1.190111446380615234e+01,-9.431751966476440430e-01
1.020718669891357422e+01,-2.394308000802993774e-01
1.024728965759277344e+01,8.397214412689208984e-01
1.158986949920654297e+01,-9.465712308883666992e-01
1.083461380004882812e+01,1.687660068273544312e-01
9.921790122985839844e+00,1.180891022086143494e-01
1.174989604949951172e+01,-1.051295399665832520e+00
1.004164695739746094e+01,3.053441047668457031e-01
9.999003410339355469e+00,7.468839287757873535e-01
1.131569004058837891e+01,-1.400119066238403320e+00
1.064942359924316406e+01,-9.627524018287658691e-02
9.725177764892578125e+00,-2.750244736671447754e-01
1.205734348297119141e+01,-8.211809992790222168e-01
1.246410083770751953e+01,1.048942327499389648e+00
1.175150775909423828e+01,3.141846358776092529e-01
1.190226745605468750e+01,-6.994321346282958984e-01
1.089955425262451172e+01,9.756914377212524414e-01
1.159412479400634766e+01,3.295041322708129883e-01
1.219451045989990234e+01,-5.551550984382629395e-01
1.100559520721435547e+01,9.271913766860961914e-01
1.135125350952148438e+01,5.172165632247924805e-01
1.185464668273925781e+01,-5.426477193832397461e-01
1.205133533477783203e+01,5.996860861778259277e-01
1.210476779937744141e+01,1.445838451385498047e+00
1.211841773986816406e+01,-3.545972406864166260e-01
1.209470939636230469e+01,1.139278411865234375e+00
1.138608360290527344e+01,2.248847335577011108e-01
1.170472145080566406e+01,-5.068917274475097656e-01
1.104508972167968750e+01,1.117970347404479980e+00
1.152402591705322266e+01,6.997932195663452148e-01
1.228867149353027344e+01,-5.309324860572814941e-01
1.109417724609375000e+01,1.279219746589660645e+00
1.132246685028076172e+01,2.787425518035888672e-01
1.179722785949707031e+01,-4.650237262248992920e-01
1.224001312255859375e+01,1.354014158248901367e+00
1.145411777496337891e+01,5.679048895835876465e-01
1.112818050384521484e+01,1.307707071304321289e+00
1.161272525787353516e+01,1.685382485389709473e+00
1.245337581634521484e+01,1.551232576370239258e+00
1.137034130096435547e+01,1.488471269607543945e+00
1.131404972076416016e+01,1.312889337539672852e+00
1.237518310546875000e+01,1.252258777618408203e+00
1.206110191345214844e+01,4.496612399816513062e-02
1.189071369171142578e+01,1.387828588485717773e+00
1.127452278137207031e+01,4.725238382816314697e-01
1.160659122467041016e+01,7.530267834663391113e-01
1.129125690460205078e+01,1.311183810234069824e+00
1.212389469146728516e+01,8.891894221305847168e-01
1.009152507781982422e+01,1.601675897836685181e-01
7.229052543640136719e+00,-1.019809007644653320e+00
7.878891944885253906e+00,5.992162823677062988e-01
1.111028194427490234e+01,6.297112703323364258e-01
1.236762046813964844e+01,1.853513121604919434e+00
1.232289218902587891e+01,1.643935680389404297e+00
8.451724052429199219e+00,2.610906958580017090e-01
7.782185554504394531e+00,-1.302833914756774902e+00
1.015729999542236328e+01,4.957501590251922607e-01
7.816204071044921875e+00,-6.440330147743225098e-01
7.564624786376953125e+00,6.058214902877807617e-01
9.884113311767578125e+00,4.591811299324035645e-01
9.140989303588867188e+00,4.584870338439941406e-01
8.639727592468261719e+00,5.086915493011474609e-01
1.017264175415039062e+01,7.657180428504943848e-01
1.060743999481201172e+01,-3.187990427017211914e+00
8.316979408264160156e+00,-1.685898184776306152e+00
1.054942989349365234e+01,7.894952893257141113e-01
1.003510951995849609e+01,1.592159569263458252e-01
8.497810363769531250e+00,-2.741054594516754150e-01
1.192979812622070312e+01,1.085985541343688965e+00
1.121109771728515625e+01,-7.663573622703552246e-01
7.987885951995849609e+00,1.970134258270263672e+00
9.454353332519531250e+00,-4.262204170227050781e+00
1.186454963684082031e+01,-9.803145527839660645e-01
1.029448318481445312e+01,1.439681202173233032e-01
1.002871990203857422e+01,7.272987365722656250e-01
9.769497871398925781e+00,-1.988707780838012695e+00
9.744794845581054688e+00,4.749316573143005371e-01
9.816576957702636719e+00,-3.943407535552978516e-01
1.156031227111816406e+01,-1.083238959312438965e+00
1.013081264495849609e+01,6.886911392211914062e-02
1.190406036376953125e+01,7.450023293495178223e-01
1.145343685150146484e+01,-7.637502551078796387e-01
1.030432415008544922e+01,-2.604600191116333008e-01
9.641050338745117188e+00,-7.303905487060546875e-01
1.159566593170166016e+01,-1.465019583702087402e+00
1.037066841125488281e+01,1.282564271241426468e-02
1.044528198242187500e+01,7.573604583740234375e-01
1.152903461456298828e+01,-1.099393367767333984e+00
1.076244449615478516e+01,-1.451115757226943970e-01
1.060841178894042969e+01,8.144136071205139160e-01
1.186666107177734375e+01,-1.276072978973388672e+00
1.035151958465576172e+01,8.486525155603885651e-03
1.048616313934326172e+01,9.915685653686523438e-01
1.143140792846679688e+01,-1.178203701972961426e+00
1.039686393737792969e+01,4.631322342902421951e-03
9.705922126770019531e+00,-2.915554940700531006e-01
1.209846401214599609e+01,-4.673364460468292236e-01
1.228294181823730469e+01,9.248507618904113770e-01
1.132974624633789062e+01,6.617137789726257324e-01
1.206372165679931641e+01,-2.405890375375747681e-01
1.098976898193359375e+01,9.272780418395996094e-01
1.158080291748046875e+01,3.838494718074798584e-01
1.213199901580810547e+01,-6.560366749763488770e-01
1.122595024108886719e+01,1.250252962112426758e+00
1.131340122222900391e+01,5.442075133323669434e-01
1.192142581939697266e+01,-5.536861419677734375e-01
1.225017738342285156e+01,8.803619742393493652e-01
1.196310997009277344e+01,1.240774154663085938e+00
1.187930774688720703e+01,-1.844163425266742706e-02
1.187007331848144531e+01,2.106418013572692871e-01
1.162411975860595703e+01,1.579716801643371582e+00
1.218742465972900391e+01,8.874838352203369141e-01
1.096629524230957031e+01,1.056914329528808594e+00
1.145891761779785156e+01,7.428557872772216797e-01
1.134771537780761719e+01,3.400059044361114502e-01
1.111685562133789062e+01,1.037862300872802734e+00
1.137390136718750000e+01,7.871387600898742676e-01
1.181020832061767578e+01,1.040677070617675781e+00
1.103978347778320312e+01,8.841604590415954590e-01
1.154245758056640625e+01,1.510191798210144043e+00
1.149042987823486328e+01,5.089247822761535645e-01
7.938303470611572266e+00,-5.937096476554870605e-01
6.954361915588378906e+00,7.131030559539794922e-01
9.818303108215332031e+00,3.984018266201019287e-01
1.062350654602050781e+01,-9.257769584655761719e-02
6.718957424163818359e+00,8.594269156455993652e-01
1.094950294494628906e+01,6.559087038040161133e-01
1.182882785797119141e+01,6.646865010261535645e-01
1.152682399749755859e+01,1.871850728988647461e+00
7.785002231597900391e+00,-8.093348145484924316e-01
7.961396217346191406e+00,-5.140439867973327637e-01
7.779045581817626953e+00,2.657083570957183838e-01
1.034539508819580078e+01,-1.462493300437927246e+00
1.044660949707031250e+01,5.167755484580993652e-01
8.633778572082519531e+00,2.321103572845458984e+00
1.167877864837646484e+01,-9.610379934310913086e-01
1.084313774108886719e+01,5.585436522960662842e-02
8.589290618896484375e+00,-1.627234101295471191e+00
1.059240627288818359e+01,-9.550082087516784668e-01
1.096042537689208984e+01,1.907495409250259399e-01
8.601499557495117188e+00,2.204349488019943237e-01
1.039864730834960938e+01,-2.160226821899414062e+00
8.929532051086425781e+00,4.213586151599884033e-01
7.742894172668457031e+00,-1.120621800422668457e+00
1.168710041046142578e+01,-1.089607119560241699e+00
1.027366542816162109e+01,-2.950887084007263184e-01
7.572128295898437500e+00,-6.840285658836364746e-01
1.082610511779785156e+01,-1.835093975067138672e+00
1.068304824829101562e+01,-2.816241681575775146e-01
9.785324096679687500e+00,7.409732937812805176e-01
1.168750572204589844e+01,-1.078012585639953613e+00
1.040278244018554688e+01,8.904661238193511963e-02
8.989668846130371094e+00,-7.592086195945739746e-01
9.247916221618652344e+00,-2.127652883529663086e+00
1.012262344360351562e+01,-1.614519059658050537e-01
9.316152572631835938e+00,-8.545482158660888672e-01
1.199183177947998047e+01,-8.807185888290405273e-01
1.228928089141845703e+01,1.911529898643493652e-01
1.177319240570068359e+01,2.429565787315368652e-01
1.218261146545410156e+01,-8.064314723014831543e-01
1.201403903961181641e+01,7.558202147483825684e-01
1.162303829193115234e+01,3.287883996963500977e-01
1.210898399353027344e+01,-5.540398955345153809e-01
1.188592720031738281e+01,2.739904522895812988e-01
1.197797012329101562e+01,3.398851454257965088e-01
1.188270759582519531e+01,-6.948621869087219238e-01
1.201211166381835938e+01,6.241219639778137207e-01
1.222018241882324219e+01,1.479696035385131836e+00
1.210590553283691406e+01,-1.787296831607818604e-01
1.170132827758789062e+01,1.204257845878601074e+00
1.191398906707763672e+01,-3.068245649337768555e-01
1.237801265716552734e+01,1.292212247848510742e+00
1.152827358245849609e+01,8.331638574600219727e-01
1.201040649414062500e+01,6.056985855102539062e-01
1.258131408691406250e+01,6.636744141578674316e-01
1.135462093353271484e+01,1.469593524932861328e+00
1.181419658660888672e+01,-3.135820850729942322e-02
1.200895118713378906e+01,3.469339907169342041e-01
1.223773670196533203e+01,1.368603587150573730e+00
1.188010883331298828e+01,-3.377812504768371582e-01
1.112918090820312500e+01,1.303029060363769531e+00
1.193104839324951172e+01,9.122489690780639648e-01
1.165645122528076172e+01,1.037123128771781921e-01
1.152900028228759766e+01,1.720255613327026367e+00
1.130633735656738281e+01,1.345089077949523926e+00
1.205895328521728516e+01,-3.322563767433166504e-01
1.239637374877929688e+01,7.164931893348693848e-01
1.133654594421386719e+01,8.214248418807983398e-01
1.162016487121582031e+01,-5.120040103793144226e-02
1.098799228668212891e+01,1.026473045349121094e+00
1.110567951202392578e+01,1.124217748641967773e+00
1.208618259429931641e+01,6.192298531532287598e-01
7.160421371459960938e+00,-2.685711979866027832e-01
7.650684356689453125e+00,-1.129617810249328613e+00
8.351679801940917969e+00,1.445683687925338745e-01
1.288265514373779297e+01,1.723642349243164062e+00
1.230682659149169922e+01,1.801700830459594727e+00
1.095529556274414062e+01,8.227657079696655273e-01
7.844446659088134766e+00,1.458305716514587402e+00
7.537219047546386719e+00,-1.881396472454071045e-01
1.142820644378662109e+01,-2.336505204439163208e-01
7.520538806915283203e+00,-9.981924891471862793e-01
7.482525825500488281e+00,6.737886071205139160e-01
1.223886966705322266e+01,-4.802005290985107422e-01
8.725399971008300781e+00,2.631348669528961182e-01
8.611018180847167969e+00,4.416814744472503662e-01
1.092229938507080078e+01,-4.425709545612335205e-01
1.042898368835449219e+01,-3.650331020355224609e+00
8.449697494506835938e+00,-1.695333480834960938e+00
1.205284500122070312e+01,-4.919590055942535400e-01
8.318243980407714844e+00,1.743948310613632202e-01
1.022303676605224609e+01,-4.122614860534667969e+00
1.103614807128906250e+01,-6.634585857391357422e-01
8.611588478088378906e+00,1.669893115758895874e-01
8.055796623229980469e+00,2.005258083343505859e+00
9.506598472595214844e+00,-4.208631038665771484e+00
1.119889163970947266e+01,-1.290288567543029785e+00
1.001366329193115234e+01,-2.291316539049148560e-01
1.021694660186767578e+01,-1.735094904899597168e+00
1.146429061889648438e+01,-3.721899747848510742e+00
9.609085083007812500e+00,3.992962539196014404e-01
1.118991947174072266e+01,-8.624396324157714844e-01
9.776574134826660156e+00,-1.695886015892028809e+00
1.021485137939453125e+01,6.839372217655181885e-02
1.176984024047851562e+01,-7.445044517517089844e-01
1.056584358215332031e+01,-3.115743160247802734e+00
1.006723785400390625e+01,-3.785166442394256592e-01
9.657384872436523438e+00,-1.013464927673339844e+00
1.123463916778564453e+01,-2.622889280319213867e+00
8.858410835266113281e+00,3.372037410736083984e-01
9.731458663940429688e+00,-1.572369456291198730e+00
1.168757247924804688e+01,-1.411249160766601562e+00
1.064418220520019531e+01,-7.731241583824157715e-01
1.047273349761962891e+01,6.594167351722717285e-01
1.164010047912597656e+01,-1.730932712554931641e+00
1.066276264190673828e+01,-6.076596379280090332e-01
9.967185020446777344e+00,-1.616669178009033203e+00
1.026655006408691406e+01,-2.034611225128173828e+00
1.085495376586914062e+01,-4.832024276256561279e-01
9.613603591918945312e+00,-1.168585181236267090e+00
1.204236698150634766e+01,-1.702317893505096436e-01
1.219185733795166016e+01,4.143288135528564453e-01
1.142371273040771484e+01,7.014890313148498535e-01
1.202610874176025391e+01,-3.308025598526000977e-01
1.183921718597412109e+01,1.268548816442489624e-01
1.146463298797607422e+01,9.061242938041687012e-01
1.181339359283447266e+01,-2.018409669399261475e-01
1.203945732116699219e+01,-1.392216533422470093e-01
1.154302310943603516e+01,5.696364641189575195e-01
1.222164726257324219e+01,-4.470342695713043213e-01
1.228886413574218750e+01,7.519339323043823242e-01
1.253747463226318359e+01,1.713298916816711426e+00
1.184456253051757812e+01,9.035100042819976807e-02
1.207331562042236328e+01,-1.423589587211608887e-01
1.148951911926269531e+01,1.448186039924621582e+00
1.178249073028564453e+01,1.589035153388977051e+00
1.190272331237792969e+01,1.573061496019363403e-01
1.154502773284912109e+01,6.782717108726501465e-01
1.147526741027832031e+01,7.621254920959472656e-01
1.192663097381591797e+01,2.153246402740478516e-01
1.161843013763427734e+01,1.557789802551269531e+00
1.186771869659423828e+01,1.656505584716796875e+00
1.173621559143066406e+01,4.609218239784240723e-02
1.135984325408935547e+01,1.430371880531311035e+00
1.126728057861328125e+01,1.805495738983154297e+00
1.027066898345947266e+01,3.024413585662841797e-01
7.459929943084716797e+00,3.939952552318572998e-01
8.002647399902343750e+00,1.610457450151443481e-01
1.124131393432617188e+01,-3.167913556098937988e-01
6.958351612091064453e+00,8.071606755256652832e-01
1.077778530120849609e+01,1.925123929977416992e+00
1.218717288970947266e+01,-5.236492156982421875e-01
1.164265823364257812e+01,1.863747715950012207e+00
7.624546527862548828e+00,-9.251526594161987305e-01
9.117126464843750000e+00,4.354625195264816284e-02
7.455584049224853516e+00,-5.572996139526367188e-01
1.017796039581298828e+01,-2.222737312316894531e+00
1.206993389129638672e+01,-5.200148224830627441e-01
8.650126457214355469e+00,2.352693796157836914e+00
1.073246669769287109e+01,-4.027314186096191406e+00
1.093405914306640625e+01,-5.084040164947509766e-01
8.549577713012695312e+00,-1.560017466545104980e+00
9.694614410400390625e+00,-2.634892225265502930e+00
1.182532310485839844e+01,-6.543476581573486328e-01
8.645679473876953125e+00,1.684824824333190918e-01
8.534039497375488281e+00,-5.458985567092895508e-01
9.858463287353515625e+00,-1.831480383872985840e+00
8.175232887268066406e+00,-1.311336278915405273e+00
9.438918113708496094e+00,-2.126112222671508789e+00
1.134839916229248047e+01,-5.613644719123840332e-01
7.821072101593017578e+00,-8.703796267509460449e-01
9.670516014099121094e+00,-3.672873020172119141e+00
1.186236953735351562e+01,-5.038582086563110352e-01
9.634124755859375000e+00,5.007050558924674988e-02
1.065256309509277344e+01,-2.013519525527954102e+00
1.138233470916748047e+01,-5.670548081398010254e-01
9.170674324035644531e+00,-8.870683312416076660e-01
9.268626213073730469e+00,-1.550570130348205566e+00
1.100084686279296875e+01,-8.079403638839721680e-01
9.364424705505371094e+00,-8.183475136756896973e-01
1.209476661682128906e+01,-3.525038242340087891e+00
1.031886672973632812e+01,-6.284879446029663086e-01
8.442643165588378906e+00,-1.561226248741149902e-01
1.041365814208984375e+01,-3.686975479125976562e+00
1.146467018127441406e+01,-2.998126447200775146e-01
1.174179553985595703e+01,-3.357535973191261292e-02
1.154773139953613281e+01,2.115058660507202148e+00
1.177500343322753906e+01,-3.302713334560394287e-01
1.002607440948486328e+01,-2.216738700866699219e+00
1.022437667846679688e+01,-2.319303512573242188e+00
6.658299922943115234e+00,1.315154321491718292e-02
1.009410381317138672e+01,-2.043695688247680664e+00
9.417610168457031250e+00,-4.001446723937988281e+00
1.159644794464111328e+01,1.285434812307357788e-01
1.163561820983886719e+01,2.486340403556823730e-01
7.227012157440185547e+00,-1.235123157501220703e+00
9.337947845458984375e+00,-1.230016231536865234e+00
9.210481643676757812e+00,-2.945883870124816895e-01
1.022746658325195312e+01,-4.158023834228515625e+00
1.021648788452148438e+01,-1.855090260505676270e+00
1.194497489929199219e+01,-8.509003520011901855e-01
1.133565902709960938e+01,-2.363228321075439453e+00
1.137009716033935547e+01,3.503665924072265625e-01
1.084419727325439453e+01,-1.839423537254333496e+00
7.193021774291992188e+00,-1.032008528709411621e+00
1.005627250671386719e+01,-2.179248094558715820e+00
6.606880664825439453e+00,-7.349553704261779785e-01
7.179447650909423828e+00,-8.762970566749572754e-01
8.608455657958984375e+00,7.496742010116577148e-01
1.176573848724365234e+01,-1.009610220789909363e-01
1.283059978485107422e+01,1.838256359100341797e+00
9.552848815917968750e+00,6.616583466529846191e-01
1.215040397644042969e+01,1.784796714782714844e+00
7.133189678192138672e+00,-1.150488615036010742e+00
8.728715896606445312e+00,-1.741149067878723145e+00
9.114495277404785156e+00,4.299723505973815918e-01
7.087233066558837891e+00,-1.092124819755554199e+00
8.298766136169433594e+00,-1.513146519660949707e+00
7.903407573699951172e+00,5.061435699462890625e-01
1.252063560485839844e+01,1.733828544616699219e+00
1.222818183898925781e+01,1.081955432891845703e+00
1.227940273284912109e+01,1.486695766448974609e+00
7.479898929595947266e+00,2.187270641326904297e+00
1.018700504302978516e+01,6.040093302726745605e-01
1.076420307159423828e+01,7.211402803659439087e-02
7.358058929443359375e+00,-9.478043913841247559e-01
7.879400730133056641e+00,6.702489256858825684e-01
1.111885738372802734e+01,5.186246633529663086e-01
1.257193851470947266e+01,2.341224431991577148e+00
1.096311759948730469e+01,2.731353342533111572e-01
1.019944477081298828e+01,-4.264220595359802246e-01
1.020533847808837891e+01,-3.528415679931640625e+00
1.001409530639648438e+01,-4.271401166915893555e-01
1.025427436828613281e+01,-7.900159955024719238e-01
8.197481155395507812e+00,1.380360573530197144e-01
1.171078872680664062e+01,-1.879084408283233643e-01
1.149299526214599609e+01,3.456326425075531006e-01
8.064113616943359375e+00,1.922233402729034424e-02
8.487424850463867188e+00,1.212654232978820801e+00
1.121104145050048828e+01,-8.193520307540893555e-01
9.931805610656738281e+00,-3.424393177032470703e+00
1.031301879882812500e+01,-5.871098041534423828e-01
1.024718570709228516e+01,-2.813948631286621094e+00
1.166925907135009766e+01,-2.229054689407348633e+00
1.195091533660888672e+01,3.457034751772880554e-02
1.173267555236816406e+01,-1.792667806148529053e-01
1.062888240814208984e+01,-1.193197846412658691e+00
1.043540191650390625e+01,-3.128606081008911133e+00
1.114042091369628906e+01,-1.567276477813720703e+00
9.769122123718261719e+00,-3.277646780014038086e+00
6.451221942901611328e+00,1.845201373100280762e+00
1.113650417327880859e+01,-1.961183428764343262e+00
1.200607109069824219e+01,-3.554372310638427734e+00
1.204815387725830078e+01,3.405204415321350098e-01
1.209380245208740234e+01,4.832805991172790527e-01
1.049011421203613281e+01,-3.455148935317993164e+00
9.976843833923339844e+00,-2.609605312347412109e+00
9.612957954406738281e+00,-1.679678201675415039e+00
9.506720542907714844e+00,-2.786872148513793945e+00
1.124615478515625000e+01,-1.361798286437988281e+00
1.230240821838378906e+01,7.953070402145385742e-01
1.123388481140136719e+01,-1.743003129959106445e+00
1.202920913696289062e+01,6.677345037460327148e-01
1.151710891723632812e+01,-1.945449590682983398e+00
9.986438751220703125e+00,-4.017304420471191406e+00
9.785349845886230469e+00,4.000347480177879333e-02
9.498240470886230469e+00,-4.269844532012939453e+00
1.066450023651123047e+01,-4.155162811279296875e+00
1.148306465148925781e+01,-1.173670530319213867e+00
1.152289104461669922e+01,2.112486064434051514e-01
1.332316017150878906e+01,-1.359895706176757812e+00
1.135725593566894531e+01,-1.302284955978393555e+00
9.357247352600097656e+00,-1.774261474609375000e+00
1.026512145996093750e+01,-4.121520042419433594e+00
8.961614608764648438e+00,4.643532752990722656e+00
1.166133403778076172e+01,-1.392111778259277344e+00
6.705472946166992188e+00,-3.017013194039463997e-03
1.161902332305908203e+01,-2.598230354487895966e-02
1.153738498687744141e+01,9.651560336351394653e-02
1.187438297271728516e+01,1.702281713485717773e+00
1.189202117919921875e+01,1.748352885246276855e+00
7.070320606231689453e+00,-2.158689051866531372e-01
6.739906787872314453e+00,-1.673895418643951416e-01
8.927317619323730469e+00,4.121473133563995361e-01
1.123302841186523438e+01,-3.879797220230102539e+00
7.687816619873046875e+00,1.027216166257858276e-01
1.003886795043945312e+01,-4.311213493347167969e+00
1.162356376647949219e+01,3.433323800563812256e-01
7.076127529144287109e+00,1.528759766370058060e-02
9.016254425048828125e+00,3.221313655376434326e-01
9.152014732360839844e+00,7.416113018989562988e-01
7.786906242370605469e+00,8.441593497991561890e-02
1.188168048858642578e+01,1.069851994514465332e+00
8.594026565551757812e+00,5.912995338439941406e-01
1.076970767974853516e+01,2.390140295028686523e+00
1.177704906463623047e+01,2.556116878986358643e-01
1.180743408203125000e+01,7.390831112861633301e-01
7.515365123748779297e+00,-9.063703417778015137e-01
9.120535850524902344e+00,8.032560348510742188e-01
1.041584205627441406e+01,-6.734603643417358398e-01
9.962788581848144531e+00,-3.759446382522583008e+00
6.949150085449218750e+00,1.021184802055358887e+00
1.139649200439453125e+01,-2.021193981170654297e+00
1.166958045959472656e+01,1.457606792449951172e+00
1.173918342590332031e+01,8.165073990821838379e-01
1.162440013885498047e+01,1.367132782936096191e+00
7.489583969116210938e+00,-1.201630681753158569e-01
1.027772140502929688e+01,-2.165995121002197266e+00
1.044112300872802734e+01,3.819022476673126221e-01
1.030270385742187500e+01,-3.769321441650390625e+00
9.494828224182128906e+00,-4.333137571811676025e-01
1.182307338714599609e+01,1.069640144705772400e-01
1.239229488372802734e+01,2.710714042186737061e-01
1.196353244781494141e+01,4.569658041000366211e-01
1.028668975830078125e+01,-2.860123395919799805e+00
1.067803859710693359e+01,-3.654215097427368164e+00
1.012277507781982422e+01,-2.465639591217041016e+00
9.657835006713867188e+00,2.723925113677978516e-01
1.046724510192871094e+01,-3.688271522521972656e+00
1.064298629760742188e+01,-1.974894285202026367e+00
1.116082191467285156e+01,-1.721255183219909668e+00
1.205598735809326172e+01,1.526879310607910156e+00
1.171345901489257812e+01,5.563577413558959961e-01
1.101197528839111328e+01,-1.792323112487792969e+00
1.119446754455566406e+01,-2.408581256866455078e+00
1.039663887023925781e+01,-3.441728055477142334e-01
9.407377243041992188e+00,-4.183491706848144531e+00
1.143612670898437500e+01,-2.066877126693725586e+00
1.116564273834228516e+01,-6.321334838867187500e-01
1.202189064025878906e+01,8.063353300094604492e-01
9.756540298461914062e+00,-2.267019510269165039e+00
1.072335720062255859e+01,-2.131085693836212158e-01
1.027070522308349609e+01,-1.669229865074157715e+00
1.009233951568603516e+01,-2.138905286788940430e+00
6.657049655914306641e+00,3.251589462161064148e-02
9.666652679443359375e+00,-1.566197514533996582e+00
9.681348800659179688e+00,-2.882525444030761719e+00
1.138939476013183594e+01,-5.383642390370368958e-02
9.492059707641601562e+00,7.513872981071472168e-01
1.063526821136474609e+01,-2.126493930816650391e+00
1.144684410095214844e+01,-8.154892325401306152e-01
9.304115295410156250e+00,4.175572693347930908e-01
1.008046913146972656e+01,-1.831510066986083984e+00
1.135629749298095703e+01,-2.511781454086303711e-01
1.022767925262451172e+01,-2.259522438049316406e+00
9.320807456970214844e+00,-2.497824907302856445e+00
1.039763736724853516e+01,-9.130066633224487305e-01
9.883061408996582031e+00,-2.303858041763305664e+00
9.882894515991210938e+00,-2.581588029861450195e+00
1.086603069305419922e+01,-8.562655448913574219e-01
8.414292335510253906e+00,-1.714566826820373535e+00
8.005773544311523438e+00,-1.385359048843383789e+00
1.013563632965087891e+01,-5.332088470458984375e-01
1.034031105041503906e+01,-3.862913370132446289e+00
8.593459129333496094e+00,3.920047879219055176e-01
1.049612331390380859e+01,1.239684447646141052e-01
8.397903442382812500e+00,-4.939009547233581543e-01
8.050429344177246094e+00,-1.612067103385925293e+00
1.080947780609130859e+01,-7.147611379623413086e-01
8.652844429016113281e+00,3.972631394863128662e-01
7.541004657745361328e+00,-2.238319814205169678e-01
1.032814693450927734e+01,-1.168058395385742188e+00
7.708424091339111328e+00,4.751703143119812012e-01
1.243345451354980469e+01,1.867192625999450684e+00
1.214126682281494141e+01,-2.440804988145828247e-01
8.192130088806152344e+00,3.678724169731140137e-01
7.621142864227294922e+00,1.358238309621810913e-01
1.145211124420166016e+01,-3.200911581516265869e-01
8.213347434997558594e+00,-1.295545816421508789e+00
8.046577453613281250e+00,-1.317484259605407715e+00
8.015707015991210938e+00,5.374314785003662109e-01
7.923211574554443359e+00,4.511260986328125000e-01
1.248095703125000000e+01,1.078592538833618164e+00
1.192904663085937500e+01,2.078478634357452393e-01
1.139849090576171875e+01,6.696598529815673828e-01
1.070638751983642578e+01,-3.055631220340728760e-01
1.222840881347656250e+01,-4.428559839725494385e-01
1.136283874511718750e+01,1.342564105987548828e+00
1.181532001495361328e+01,4.752162396907806396e-01
1.207667732238769531e+01,4.374612569808959961e-01
1.205168914794921875e+01,1.493684053421020508e+00
1.188193798065185547e+01,1.565900802612304688e+00
1.119209480285644531e+01,9.730203151702880859e-01
1.188477706909179688e+01,2.319959878921508789e+00
1.243964195251464844e+01,8.237511515617370605e-01
1.203035545349121094e+01,-5.345690995454788208e-02
1.140079975128173828e+01,7.066724300384521484e-01
1.240193080902099609e+01,2.076362520456314087e-01
1.217861080169677734e+01,2.390411198139190674e-01
1.162862491607666016e+01,5.896635651588439941e-01
1.216280364990234375e+01,-5.223476886749267578e-01
1.203950500488281250e+01,-1.432742923498153687e-01
1.160822582244873047e+01,7.353267073631286621e-01
1.201577377319335938e+01,-3.966090679168701172e-01
1.147888851165771484e+01,7.929297089576721191e-01
1.197012233734130859e+01,1.448900818824768066e+00
1.199177837371826172e+01,-7.419944405555725098e-01
1.127547645568847656e+01,1.300881147384643555e+00
1.171601963043212891e+01,8.446061611175537109e-01
1.234112167358398438e+01,-5.711224079132080078e-01
1.136058330535888672e+01,1.079016447067260742e+00
1.206195354461669922e+01,8.285828828811645508e-01
1.203866100311279297e+01,-5.558222532272338867e-01
1.213176345825195312e+01,7.999436855316162109e-01
1.183926868438720703e+01,6.365623474121093750e-01
1.210878467559814453e+01,1.421898603439331055e+00
1.144210338592529297e+01,1.273497223854064941e+00
1.162815570831298828e+01,1.217093318700790405e-01
9.739518165588378906e+00,-1.905788302421569824e+00
9.397929191589355469e+00,1.917937546968460083e-01
9.501070976257324219e+00,-4.153696060180664062e+00
9.619658470153808594e+00,-1.683598399162292480e+00
1.019486236572265625e+01,-3.943684995174407959e-01
1.169333362579345703e+01,-2.059616297483444214e-01
1.042219161987304688e+01,-3.467734098434448242e+00
1.060977745056152344e+01,-2.681450247764587402e-01
1.044664096832275391e+01,-1.355314493179321289e+00
1.055680274963378906e+01,-4.247324466705322266e+00
8.901864051818847656e+00,5.310963988304138184e-01
1.085954570770263672e+01,-1.242936968803405762e+00
7.666863918304443359e+00,-1.007536411285400391e+00
8.041192054748535156e+00,-1.308296322822570801e+00
1.004154968261718750e+01,-1.360737681388854980e+00
1.064950180053710938e+01,-3.287606716156005859e+00
8.672712326049804688e+00,-1.365424871444702148e+00
1.111478614807128906e+01,-3.873831033706665039e-01
9.685772895812988281e+00,-2.891376733779907227e+00
8.953485488891601562e+00,1.562084406614303589e-01
1.030090332031250000e+01,-9.187222719192504883e-01
9.000659942626953125e+00,1.946751028299331665e-01
7.942306041717529297e+00,2.111860513687133789e+00
1.004243659973144531e+01,-9.442668408155441284e-03
1.121793365478515625e+01,1.824680566787719727e+00
7.593307018280029297e+00,-8.493639826774597168e-01
9.281407356262207031e+00,4.469938948750495911e-02
7.900150299072265625e+00,-1.114351954311132431e-02
8.351572990417480469e+00,-1.077467128634452820e-01
8.751833915710449219e+00,1.016343086957931519e-01
1.072435188293457031e+01,1.976319432258605957e+00
1.154717826843261719e+01,1.881786465644836426e+00
1.189240837097167969e+01,-2.910147309303283691e-01
7.659290790557861328e+00,-8.945963382720947266e-01
7.312657833099365234e+00,4.247289597988128662e-01
1.090931797027587891e+01,-5.386301875114440918e-01
1.214748382568359375e+01,1.677491903305053711e+00
1.211099338531494141e+01,1.615901947021484375e+00
1.168687152862548828e+01,1.239489298313856125e-02
1.177012252807617188e+01,1.618313789367675781e+00
1.146763229370117188e+01,1.533711314201354980e+00
1.167002964019775391e+01,1.237211227416992188e-01
1.181804943084716797e+01,1.361827850341796875e+00
1.250020885467529297e+01,1.534755825996398926e+00
1.206101799011230469e+01,-3.848848938941955566e-01
1.216594123840332031e+01,1.563348650932312012e+00
1.121363830566406250e+01,1.036048054695129395e+00
1.158703899383544922e+01,-4.613565653562545776e-02
1.240359306335449219e+01,2.525747120380401611e-01
1.121423721313476562e+01,1.234502673149108887e+00
1.185916423797607422e+01,-4.264754801988601685e-02
1.217417812347412109e+01,-5.855984985828399658e-02
1.135482120513916016e+01,1.461671352386474609e+00
1.192782592773437500e+01,-4.566147178411483765e-02
1.233844661712646484e+01,8.091632127761840820e-01
1.213687419891357422e+01,8.960391879081726074e-01
1.169168663024902344e+01,3.641224279999732971e-02
1.242843723297119141e+01,7.029642462730407715e-01
1.147138214111328125e+01,1.482987403869628906e+00
1.172904205322265625e+01,-6.136120110750198364e-02
1.151392745971679688e+01,-1.235031008720397949e+00
1.069347572326660156e+01,-1.952463835477828979e-01
9.470465660095214844e+00,-3.220160603523254395e-01
1.185842323303222656e+01,-1.290286660194396973e+00
1.032755279541015625e+01,-5.945067107677459717e-02
1.201388549804687500e+01,8.024500608444213867e-01
1.158530139923095703e+01,-1.038439989089965820e+00
1.074067020416259766e+01,-1.516936123371124268e-01
9.596725463867187500e+00,-4.948749542236328125e-01
1.103780746459960938e+01,-1.617142319679260254e+00
1.043268013000488281e+01,5.075494647026062012e-01
1.046446895599365234e+01,7.574511766433715820e-01
1.003787803649902344e+01,-2.452378034591674805e+00
1.021778392791748047e+01,8.819746971130371094e-02
9.714059829711914062e+00,6.622824072837829590e-01
1.139586830139160156e+01,-1.301328539848327637e+00
1.096390247344970703e+01,4.345379471778869629e-01
1.070488166809082031e+01,7.785048484802246094e-01
1.155837631225585938e+01,-1.015535831451416016e+00
1.028726863861083984e+01,-2.337681204080581665e-01
9.865051269531250000e+00,7.447809576988220215e-01
9.961576461791992188e+00,-2.373549699783325195e+00
9.864328384399414062e+00,1.289702653884887695e-01
1.029911518096923828e+01,9.254080057144165039e-01
1.064737987518310547e+01,-2.068728685379028320e+00
1.062349033355712891e+01,-3.197201728820800781e+00
8.165072441101074219e+00,-1.471748948097229004e+00
9.880943298339843750e+00,-1.608653068542480469e+00
8.892317771911621094e+00,7.066920399665832520e-01
8.652988433837890625e+00,1.108457818627357483e-01
1.228674983978271484e+01,8.056948781013488770e-01
1.171364784240722656e+01,-4.915391802787780762e-01
8.517702102661132812e+00,2.674526274204254150e-01
9.393442153930664062e+00,-1.850059628486633301e+00
9.957921981811523438e+00,4.129382073879241943e-01
7.671000003814697266e+00,-7.676727175712585449e-01
1.010877799987792969e+01,4.843163192272186279e-01
8.435434341430664062e+00,-1.717640519142150879e+00
7.671840190887451172e+00,5.253903269767761230e-01
1.230048465728759766e+01,1.280487060546875000e+00
1.217280006408691406e+01,9.607105851173400879e-01
6.353893756866455078e+00,1.572075963020324707e+00
7.984633445739746094e+00,2.160053327679634094e-02
1.036445999145507812e+01,-2.432491034269332886e-01
8.061588287353515625e+00,-1.099283576011657715e+00
7.080869197845458984e+00,-1.086815834045410156e+00
7.988501548767089844e+00,5.349111557006835938e-01
7.806867122650146484e+00,4.302091300487518311e-01
1.218646621704101562e+01,-5.906687974929809570e-01
1.204066276550292969e+01,7.522767186164855957e-01
1.141342830657958984e+01,9.116471409797668457e-01
1.164258575439453125e+01,4.315980896353721619e-02
1.173220539093017578e+01,1.022466301918029785e+00
1.132021713256835938e+01,8.924310803413391113e-01
1.201796340942382812e+01,-3.833964765071868896e-01
1.227150821685791016e+01,9.165732264518737793e-01
1.211935806274414062e+01,1.635364651679992676e+00
1.194581413269042969e+01,1.351194262504577637e+00
1.104778385162353516e+01,1.057417988777160645e+00
1.166592025756835938e+01,1.668275117874145508e+00
1.236781215667724609e+01,6.905454397201538086e-01
1.203683948516845703e+01,7.377060651779174805e-01
1.133225250244140625e+01,6.889038681983947754e-01
1.217887878417968750e+01,-5.783119797706604004e-01
1.200024890899658203e+01,1.532511711120605469e-01
1.138351440429687500e+01,6.444943547248840332e-01
1.196535778045654297e+01,-5.911102294921875000e-01
1.087646865844726562e+01,1.014033317565917969e+00
1.139985561370849609e+01,6.881291270256042480e-01
1.218785381317138672e+01,-6.351889371871948242e-01
1.138280105590820312e+01,1.248994112014770508e+00
1.166170310974121094e+01,1.455925226211547852e+00
1.190364074707031250e+01,-7.192477583885192871e-01
1.121430969238281250e+01,1.240575909614562988e+00
1.146409034729003906e+01,6.675917506217956543e-01
1.220402717590332031e+01,-6.849790811538696289e-01
1.113770580291748047e+01,1.198192119598388672e+00
1.181637763977050781e+01,1.499204993247985840e+00
1.210058689117431641e+01,-6.218490004539489746e-01
1.103293228149414062e+01,9.652855396270751953e-01
1.122674560546875000e+01,4.345740675926208496e-01
1.201516914367675781e+01,-7.614508271217346191e-01
1.106428337097167969e+01,1.128695607185363770e+00
1.165319538116455078e+01,2.911593317985534668e-01
1.148931407928466797e+01,-1.056169986724853516e+00
1.078811454772949219e+01,7.349900901317596436e-02
9.510236740112304688e+00,-5.511770248413085938e-01
1.174616050720214844e+01,-1.030341267585754395e+00
1.023823165893554688e+01,-1.726920902729034424e-02
1.181159400939941406e+01,6.121116280555725098e-01
1.043907546997070312e+01,-9.206023812294006348e-01
1.075395679473876953e+01,-7.041521370410919189e-02
9.623046875000000000e+00,-4.902390241622924805e-01
1.189800071716308594e+01,-7.836940884590148926e-01
8.979318618774414062e+00,5.343728065490722656e-01
1.198564052581787109e+01,8.289112448692321777e-01
9.950502395629882812e+00,-2.487777769565582275e-01
7.853288650512695312e+00,-1.169299602508544922e+00
1.072098731994628906e+01,2.156957834959030151e-01
1.096023082733154297e+01,-8.955188989639282227e-01
8.139738082885742188e+00,-8.726686835289001465e-01
1.035533237457275391e+01,1.057490587234497070e+00
1.096985435485839844e+01,-8.003869652748107910e-01
8.819507598876953125e+00,6.868252158164978027e-01
9.752712249755859375e+00,-1.085098147392272949e+00
1.084726619720458984e+01,-4.288066625595092773e-01
7.988806724548339844e+00,2.163297176361083984e+00
9.678787231445312500e+00,-8.982663750648498535e-01
1.148846912384033203e+01,3.241536915302276611e-01
7.539380073547363281e+00,-9.387325644493103027e-01
8.564657211303710938e+00,-1.266412615776062012e+00
1.012249946594238281e+01,-4.380123138427734375e+00
8.235797882080078125e+00,-1.635943353176116943e-01
8.586901664733886719e+00,7.273619771003723145e-01
1.103189182281494141e+01,1.292465329170227051e+00
1.156543254852294922e+01,1.882787466049194336e+00
1.161211776733398438e+01,4.242523610591888428e-01
1.178806018829345703e+01,1.688060641288757324e+00
7.249855041503906250e+00,5.284624695777893066e-01
1.056147575378417969e+01,-6.818396598100662231e-02
1.229853820800781250e+01,9.857740402221679688e-01
1.216299533843994141e+01,1.768277764320373535e+00
1.127260303497314453e+01,4.337203502655029297e-01
1.227112197875976562e+01,-3.573099672794342041e-01
1.164635658264160156e+01,1.688671112060546875e+00
1.161381721496582031e+01,1.497402429580688477e+00
1.129491615295410156e+01,9.493127465248107910e-01
1.198633956909179688e+01,1.417637109756469727e+00
1.239984035491943359e+01,1.484898328781127930e+00
1.165850257873535156e+01,5.161784291267395020e-01
1.121395206451416016e+01,1.129946231842041016e+00
1.146155261993408203e+01,2.025419175624847412e-01
1.213255310058593750e+01,-5.434740781784057617e-01
1.125709629058837891e+01,1.338304519653320312e+00
1.132137393951416016e+01,2.672191262245178223e-01
1.213468360900878906e+01,-4.688826203346252441e-01
1.101740741729736328e+01,1.215337395668029785e+00
1.176543807983398438e+01,3.161555528640747070e-01
1.180680179595947266e+01,-2.573573589324951172e-01
1.106220245361328125e+01,1.073093175888061523e+00
1.126324844360351562e+01,2.978630661964416504e-01
1.208744621276855469e+01,-7.787607312202453613e-01
1.137988185882568359e+01,1.476453542709350586e+00
1.172561359405517578e+01,2.103287279605865479e-01
1.156626796722412109e+01,-1.179702877998352051e+00
1.059601116180419922e+01,-1.817806363105773926e-01
9.576161384582519531e+00,-4.471170604228973389e-01
1.185754776000976562e+01,-1.297002434730529785e+00
1.029061126708984375e+01,1.075372025370597839e-01
1.034976387023925781e+01,9.714468717575073242e-01
1.151628017425537109e+01,-1.050095200538635254e+00
1.085965919494628906e+01,1.210717931389808655e-01
9.557188034057617188e+00,-5.212068557739257812e-01
1.170521259307861328e+01,-1.263875246047973633e+00
1.064097499847412109e+01,4.051804244518280029e-01
1.043096160888671875e+01,9.813916683197021484e-01
1.155290317535400391e+01,-1.161437392234802246e+00
9.780698776245117188e+00,4.514254331588745117e-01
9.991024971008300781e+00,3.124637603759765625e-01
1.223533630371093750e+01,-8.314884305000305176e-01
1.002472114562988281e+01,4.603417217731475830e-01
1.055588722229003906e+01,1.011625170707702637e+00
1.150985431671142578e+01,-8.295440673828125000e-01
1.023649501800537109e+01,-1.630308777093887329e-01
9.854789733886718750e+00,7.620584368705749512e-01
1.173474693298339844e+01,-1.270184993743896484e+00
9.676070213317871094e+00,5.632414221763610840e-01
1.038771629333496094e+01,9.577140808105468750e-01
1.138792514801025391e+01,-5.170347094535827637e-01
6.589288711547851562e+00,-8.113635182380676270e-01
8.517966270446777344e+00,-1.804988741874694824e+00
1.206943130493164062e+01,-6.263386607170104980e-01
8.164714813232421875e+00,1.237052440643310547e+00
8.520263671875000000e+00,-1.333846710622310638e-02
1.172022438049316406e+01,-6.861707568168640137e-02
1.088840675354003906e+01,1.781024783849716187e-01
8.557332992553710938e+00,6.233918666839599609e-01
1.173189067840576172e+01,-1.069978117942810059e+00
8.881185531616210938e+00,4.999161660671234131e-01
1.012430858612060547e+01,-2.229448795318603516e+00
1.133777904510498047e+01,-3.842343389987945557e-01
7.584002017974853516e+00,-1.062701106071472168e+00
7.670324802398681641e+00,5.323576927185058594e-01
1.217741584777832031e+01,-4.088806807994842529e-01
1.262476825714111328e+01,2.029133796691894531e+00
7.903709411621093750e+00,3.846363127231597900e-01
8.213461875915527344e+00,6.321548223495483398e-01
7.802582740783691406e+00,-1.135432362556457520e+00
8.669598579406738281e+00,-1.198668479919433594e+00
9.030619621276855469e+00,-1.810615777969360352e+00
7.641467094421386719e+00,6.467929482460021973e-01
9.317835807800292969e+00,8.115155696868896484e-01
1.175848293304443359e+01,-1.136886924505233765e-01
1.173376464843750000e+01,1.477322220802307129e+00
1.153437614440917969e+01,1.303759694099426270e+00
1.201779651641845703e+01,-4.752908051013946533e-01
1.175362014770507812e+01,1.616475939750671387e+00
1.128445243835449219e+01,9.416267275810241699e-01
1.182838058471679688e+01,-1.068105474114418030e-01
1.217408275604248047e+01,1.215648412704467773e+00
1.199350738525390625e+01,1.431737899780273438e+00
1.215878582000732422e+01,-3.454883098602294922e-01
1.107859992980957031e+01,1.034177422523498535e+00
1.157756042480468750e+01,1.527616620063781738e+00
1.180834674835205078e+01,-5.417968630790710449e-01
1.089743232727050781e+01,1.026680588722229004e+00
1.132266521453857422e+01,6.111008524894714355e-01
1.212716579437255859e+01,-5.685664415359497070e-01
1.152613162994384766e+01,6.256048083305358887e-01
1.126065731048583984e+01,2.810905277729034424e-01
1.178721523284912109e+01,-5.436572432518005371e-01
1.086892318725585938e+01,1.079001426696777344e+00
1.132040119171142578e+01,5.928985476493835449e-01
1.214376926422119141e+01,-6.762866973876953125e-01
1.138370227813720703e+01,1.439827680587768555e+00
1.143785476684570312e+01,1.087073564529418945e+00
1.196260547637939453e+01,-8.017578125000000000e-01
1.079006767272949219e+01,9.756355285644531250e-01
1.124891662597656250e+01,4.208314418792724609e-01
1.218830013275146484e+01,-7.281304001808166504e-01
1.110931587219238281e+01,1.270036935806274414e+00
1.136925506591796875e+01,7.942182421684265137e-01
1.194584274291992188e+01,-7.685049176216125488e-01
1.076084232330322266e+01,1.022554278373718262e+00
1.123002433776855469e+01,4.419205188751220703e-01
1.206326866149902344e+01,-7.529126405715942383e-01
1.087336921691894531e+01,1.010357618331909180e+00
1.112503433227539062e+01,3.606092035770416260e-01
1.153951168060302734e+01,-1.010535120964050293e+00
1.044582843780517578e+01,-4.645153284072875977e-01
9.808831214904785156e+00,-1.467361748218536377e-01
1.183648586273193359e+01,-1.212535738945007324e+00
1.019607353210449219e+01,7.121038436889648438e-02
1.046505165100097656e+01,9.993626475334167480e-01
1.140251445770263672e+01,-1.032814025878906250e+00
1.077043247222900391e+01,4.721284285187721252e-02
9.536380767822265625e+00,-5.284876823425292969e-01
1.186453533172607422e+01,-8.742296695709228516e-01
1.064948081970214844e+01,4.238047897815704346e-01
1.190290641784667969e+01,9.544740915298461914e-01
1.135599327087402344e+01,-8.472002744674682617e-01
7.815608501434326172e+00,-1.133626461029052734e+00
8.460050582885742188e+00,-1.719901084899902344e+00
1.001576709747314453e+01,-1.283317446708679199e+00
7.904724597930908203e+00,-7.339972257614135742e-01
1.030280876159667969e+01,1.107293248176574707e+00
1.180276203155517578e+01,-8.811222761869430542e-02
1.082158946990966797e+01,1.006029546260833740e-01
9.377894401550292969e+00,-1.038271188735961914e+00
1.207222080230712891e+01,-6.213470101356506348e-01
7.979324340820312500e+00,2.222527742385864258e+00
8.406699180603027344e+00,-1.611826777458190918e+00
1.153264427185058594e+01,-5.239546671509742737e-02
7.597562313079833984e+00,-8.919792771339416504e-01
7.450984001159667969e+00,1.166414022445678711e-01
9.808207511901855469e+00,-1.295231819152832031e+00
8.360847473144531250e+00,-5.996484756469726562e-01
8.038958549499511719e+00,1.316373646259307861e-01
8.745309829711914062e+00,3.433397114276885986e-01
1.122210884094238281e+01,1.400229096412658691e+00
1.165543746948242188e+01,1.829925775527954102e+00
1.151765441894531250e+01,1.362328827381134033e-01
7.424205780029296875e+00,4.993560016155242920e-01
7.540432453155517578e+00,-5.166864395141601562e-01
1.164419937133789062e+01,-1.862686425447463989e-01
1.219399261474609375e+01,1.723918914794921875e+00
1.130703258514404297e+01,6.295807361602783203e-01
1.217395687103271484e+01,-5.826303362846374512e-01
1.139323425292968750e+01,1.511668920516967773e+00
1.168054962158203125e+01,1.710983872413635254e+00
1.191445350646972656e+01,1.284855902194976807e-01
1.206177711486816406e+01,1.290265321731567383e+00
1.249506473541259766e+01,1.751010537147521973e+00
1.200452899932861328e+01,-7.217921614646911621e-01
1.131409263610839844e+01,1.286675095558166504e+00
1.140183258056640625e+01,2.923716008663177490e-01
1.169011306762695312e+01,-2.679020464420318604e-01
1.089891719818115234e+01,1.059883475303649902e+00
1.124086570739746094e+01,4.787343442440032959e-01
1.216854953765869141e+01,-8.285732269287109375e-01
1.096321010589599609e+01,1.126834869384765625e+00
1.118349647521972656e+01,4.922581613063812256e-01
1.189472579956054688e+01,-7.273940443992614746e-01
1.084989738464355469e+01,1.050186991691589355e+00
1.108746337890625000e+01,4.417562186717987061e-01
1.212382888793945312e+01,-7.475571036338806152e-01
1.100296401977539062e+01,1.146142363548278809e+00
1.112173843383789062e+01,4.452898502349853516e-01
1.004424095153808594e+01,-1.233580112457275391e+00
7.464601993560791016e+00,3.373278617858886719e+00
9.295417785644531250e+00,-2.070376396179199219e+00
9.595997810363769531e+00,1.371453553438186646e-01
9.517049789428710938e+00,-4.960806369781494141e-01
9.605710029602050781e+00,-2.735403299331665039e+00
9.094680786132812500e+00,-6.864590644836425781e-01
1.019485187530517578e+01,-1.645643472671508789e+00
9.857392311096191406e+00,-2.539806127548217773e+00
1.020498943328857422e+01,-3.846262097358703613e-01
1.025237846374511719e+01,-1.003069519996643066e+00
9.440354347229003906e+00,5.086491107940673828e-01
1.113320064544677734e+01,-1.024834275245666504e+00
9.892543792724609375e+00,-8.256762027740478516e-01
8.956115722656250000e+00,5.854668021202087402e-01
8.927563667297363281e+00,6.398656964302062988e-01
9.813748359680175781e+00,-2.129995107650756836e+00
9.723989486694335938e+00,-1.113984584808349609e+00
1.000380039215087891e+01,-2.317021131515502930e+00
9.736766815185546875e+00,-8.603749275207519531e-01
1.008307456970214844e+01,-2.423143386840820312e+00
1.161486721038818359e+01,-3.180155038833618164e+00
1.000883865356445312e+01,-5.763503164052963257e-02
8.733062744140625000e+00,2.984933853149414062e-01
1.053163146972656250e+01,1.500075906515121460e-01
1.000710201263427734e+01,-2.169176101684570312e+00
1.006752681732177734e+01,-1.973745942115783691e+00
1.009017086029052734e+01,-2.113577127456665039e+00
9.090721130371093750e+00,-9.906010031700134277e-01
9.918995857238769531e+00,8.217534422874450684e-01
1.039053344726562500e+01,-2.284597873687744141e+00
8.815235137939453125e+00,7.556454539299011230e-01
1.027172565460205078e+01,-2.027382850646972656e+00
9.210646629333496094e+00,-4.126608744263648987e-02
9.648108482360839844e+00,-3.503384590148925781e+00
9.925453186035156250e+00,-2.526085615158081055e+00
1.019714164733886719e+01,-1.998928785324096680e+00
1.014739227294921875e+01,-1.835169434547424316e+00
9.734431266784667969e+00,-2.446699619293212891e+00
8.992491722106933594e+00,4.314503073692321777e-01
8.626324653625488281e+00,6.007881760597229004e-01
1.016470718383789062e+01,-8.432154655456542969e-01
8.741182327270507812e+00,4.424830377101898193e-01
1.001688098907470703e+01,-1.071663722395896912e-01
1.010540008544921875e+01,-4.550189077854156494e-01
1.037393093109130859e+01,-2.178034543991088867e+00
1.026808261871337891e+01,-2.530705213546752930e+00
1.089924621582031250e+01,-2.633077859878540039e+00
1.142436599731445312e+01,-3.015682935714721680e+00
1.017030048370361328e+01,-1.372411698102951050e-01
1.141079807281494141e+01,-2.172653675079345703e+00
9.292428970336914062e+00,-2.558476448059082031e+00
9.816135406494140625e+00,-5.842137336730957031e-01
1.010007286071777344e+01,-3.777264952659606934e-01
9.850682258605957031e+00,-8.767557889223098755e-02
1.075084495544433594e+01,-2.699341773986816406e+00
8.374933242797851562e+00,-1.362844109535217285e+00
1.019586753845214844e+01,-2.336186170578002930e+00
9.098545074462890625e+00,-1.890265941619873047e+00
8.654918670654296875e+00,-1.840734839439392090e+00
1.004139232635498047e+01,-1.902171075344085693e-01
1.054802799224853516e+01,-5.724603533744812012e-01
1.013436698913574219e+01,-2.027185201644897461e+00
9.528513908386230469e+00,4.352928996086120605e-01
8.504201889038085938e+00,2.991065979003906250e-01
1.011730957031250000e+01,-7.043286412954330444e-02
9.088721275329589844e+00,-1.046467497944831848e-01
9.506040573120117188e+00,-6.053531765937805176e-01
1.000222206115722656e+01,-1.919804215431213379e+00
1.149754047393798828e+01,-1.837715387344360352e+00
1.140584373474121094e+01,-3.768217802047729492e+00
9.517850875854492188e+00,-1.489152073860168457e+00
9.726138114929199219e+00,-3.024342060089111328e+00
1.015758800506591797e+01,-1.835047841072082520e+00
8.845199584960937500e+00,-2.182150602340698242e+00
9.058697700500488281e+00,-1.309935569763183594e+00
9.218943595886230469e+00,-1.679953813552856445e+00
1.044619750976562500e+01,-2.139889955520629883e+00
9.175352096557617188e+00,-8.412656188011169434e-01
9.346952438354492188e+00,-1.555698513984680176e+00
8.536090850830078125e+00,-2.522201061248779297e+00
1.072237300872802734e+01,-1.362327814102172852e+00
1.003679847717285156e+01,-2.152195453643798828e+00
8.817082405090332031e+00,-2.778380870819091797e+00
1.275185012817382812e+01,-1.752920866012573242e+00
9.691114425659179688e+00,-2.692684888839721680e+00
1.263932228088378906e+01,1.486675977706909180e+00
8.033387184143066406e+00,-6.103501915931701660e-01
1.182367324829101562e+01,3.216708302497863770e-01
8.228124618530273438e+00,-1.600850939750671387e+00
1.004830741882324219e+01,-2.430283069610595703e+00
8.920853614807128906e+00,-1.815384268760681152e+00
9.514054298400878906e+00,-2.833754062652587891e+00
1.153580570220947266e+01,-1.662074923515319824e+00
7.883944511413574219e+00,-1.623040556907653809e+00
8.783946037292480469e+00,-1.548114538192749023e+00
9.606125831604003906e+00,-2.326452732086181641e+00
9.049229621887207031e+00,3.790030479431152344e-01
1.003740787506103516e+01,-7.128951549530029297e-01
9.421981811523437500e+00,-8.049253225326538086e-01
1.075266265869140625e+01,-3.164078235626220703e+00
9.570962905883789062e+00,-3.235149145126342773e+00
1.010733222961425781e+01,-2.891855478286743164e+00
1.028176116943359375e+01,-3.466051816940307617e+00
1.082948207855224609e+01,-3.481412410736083984e+00
1.097842979431152344e+01,-2.934655666351318359e+00
1.101018905639648438e+01,-4.200402259826660156e+00
1.286841011047363281e+01,1.293366670608520508e+00
1.116694068908691406e+01,-4.088532447814941406e+00
1.106439685821533203e+01,-4.236287593841552734e+00
1.109191513061523438e+01,-4.206732273101806641e+00
8.563891410827636719e+00,-2.175827741622924805e+00
9.178198814392089844e+00,-2.994712114334106445e+00
1.023915481567382812e+01,-3.128192663192749023e+00
9.470874786376953125e+00,-2.971595525741577148e+00
8.716882705688476562e+00,-2.643808126449584961e+00
1.009592914581298828e+01,-3.576032400131225586e+00
9.072422981262207031e+00,-2.618205785751342773e+00
8.402647018432617188e+00,-1.928793668746948242e+00
8.747827529907226562e+00,-1.954097151756286621e+00
9.160325050354003906e+00,-4.798642098903656006e-01
1.041924381256103516e+01,-3.877868413925170898e+00
1.137378692626953125e+01,-3.720321416854858398e+00
1.148229694366455078e+01,-3.729174137115478516e+00
1.121901416778564453e+01,-3.968081951141357422e+00
9.164777755737304688e+00,-2.650728225708007812e+00
9.592365264892578125e+00,-2.804624319076538086e+00
9.637421607971191406e+00,-3.113384723663330078e+00
9.190332412719726562e+00,-1.846014142036437988e+00
9.105474472045898438e+00,-2.694234848022460938e+00
9.602056503295898438e+00,-3.460989236831665039e+00
1.235266113281250000e+01,-3.410820662975311279e-01
9.666664123535156250e+00,-3.184813261032104492e+00
1.189222812652587891e+01,-2.948161125183105469e+00
1.220370388031005859e+01,2.406495623290538788e-02
1.138519287109375000e+01,-3.269672632217407227e+00
1.046911525726318359e+01,-2.943969726562500000e+00
1.087251091003417969e+01,-3.573521137237548828e+00
9.285816192626953125e+00,-2.454723834991455078e+00
8.804100036621093750e+00,-1.650453567504882812e+00
9.281087875366210938e+00,-2.458197832107543945e+00
1.029729652404785156e+01,-3.150770187377929688e+00
1.163370418548583984e+01,-2.751019954681396484e+00
1.078130817413330078e+01,-3.613482952117919922e+00
1.104445743560791016e+01,-3.683049678802490234e+00
1.094786357879638672e+01,-2.669625520706176758e+00
1.138566875457763672e+01,-3.240242719650268555e+00
1.024454879760742188e+01,-1.989660739898681641e+00
1.052257156372070312e+01,-3.773777723312377930e+00
1.057992172241210938e+01,-3.979050159454345703e+00
1.169970703125000000e+01,-2.732386112213134766e+00
1.015184497833251953e+01,-3.658402919769287109e+00
1.039514446258544922e+01,-3.747575521469116211e+00
1.135559463500976562e+01,-3.804406166076660156e+00
9.286158561706542969e+00,-2.382679462432861328e+00
1.078620338439941406e+01,-3.503902435302734375e+00
9.876212120056152344e+00,-3.536907672882080078e+00
1.175591945648193359e+01,-2.561410903930664062e+00
9.764751434326171875e+00,-2.098785877227783203e+00
1.159768009185791016e+01,-3.200003147125244141e+00
1.014726066589355469e+01,-2.092195034027099609e+00
1.019272518157958984e+01,-2.019494533538818359e+00
1.234426307678222656e+01,-6.382254958152770996e-01
8.829998970031738281e+00,-2.446938753128051758e+00
1.174363517761230469e+01,-2.517700433731079102e+00
1.132894515991210938e+01,-3.863880395889282227e+00
1.074047470092773438e+01,-4.169559478759765625e+00
1.144673919677734375e+01,-3.208238840103149414e+00
1.102408885955810547e+01,-4.070095539093017578e+00
1.003508758544921875e+01,-2.054372549057006836e+00
1.026589202880859375e+01,-3.700931310653686523e+00
8.964788436889648438e+00,-2.935146331787109375e+00
1.074412345886230469e+01,-3.785215616226196289e+00
9.974313735961914062e+00,-3.502605438232421875e+00
1.144888496398925781e+01,-3.045351505279541016e+00
9.536909103393554688e+00,-2.989903450012207031e+00
9.643645286560058594e+00,-2.972877264022827148e+00
9.293187141418457031e+00,-2.686711311340332031e+00
1.086478328704833984e+01,-4.193672180175781250e+00
1.014342594146728516e+01,-3.354541778564453125e+00
1.090033531188964844e+01,-3.985368490219116211e+00
9.247265815734863281e+00,-1.350257992744445801e+00
9.785450935363769531e+00,-2.746447086334228516e+00
9.877868652343750000e+00,-2.142704486846923828e+00
9.568949699401855469e+00,-2.884783029556274414e+00
1.078424835205078125e+01,-3.720721960067749023e+00
1.103546333312988281e+01,-3.713327646255493164e+00
1.145588302612304688e+01,-2.857710599899291992e+00
9.349253654479980469e+00,-2.722942113876342773e+00
8.945537567138671875e+00,-2.428765296936035156e+00
8.338662147521972656e+00,-2.136107206344604492e+00
8.717266082763671875e+00,-2.132572889328002930e+00
1.108529376983642578e+01,-3.249145507812500000e+00
9.785448074340820312e+00,-2.217442989349365234e+00
8.939585685729980469e+00,-2.538489580154418945e+00
1.089826202392578125e+01,-4.172520637512207031e+00
1.061738777160644531e+01,-2.886223793029785156e+00
8.621595382690429688e+00,-3.215938806533813477e-01
8.643483161926269531e+00,-1.117128729820251465e+00
6.907147884368896484e+00,-3.672833442687988281e+00
8.509897232055664062e+00,-2.120984077453613281e+00
8.880323410034179688e+00,-3.022151708602905273e+00
1.115574073791503906e+01,-2.784892082214355469e+00
1.078409481048583984e+01,-4.184813499450683594e+00
9.669671058654785156e+00,-3.358533382415771484e+00
8.899218559265136719e+00,-2.733096122741699219e+00
8.392396926879882812e+00,-2.027337789535522461e+00
1.073016929626464844e+01,2.489661216735839844e+00
8.805705070495605469e+00,-2.980494976043701172e+00
8.140043258666992188e+00,-2.613289117813110352e+00
8.792541503906250000e+00,-2.604208946228027344e+00
9.214702606201171875e+00,-2.371557950973510742e+00
9.032845497131347656e+00,-2.286304950714111328e+00
8.836079597473144531e+00,-2.998145103454589844e+00
8.575323104858398438e+00,-2.744882583618164062e+00
6.526597023010253906e+00,-2.936643362045288086e+00
8.883631706237792969e+00,-2.740338087081909180e+00
8.631071090698242188e+00,-2.853068828582763672e+00
8.072909355163574219e+00,-2.384048223495483398e+00
9.028868675231933594e+00,-1.481929779052734375e+00
8.162062644958496094e+00,-2.435077667236328125e+00
9.099452972412109375e+00,-2.969635963439941406e+00
8.846435546875000000e+00,-2.974544048309326172e+00
8.778806686401367188e+00,-2.773291587829589844e+00
8.011657714843750000e+00,-2.570466995239257812e+00
8.808747291564941406e+00,-1.979843139648437500e+00
8.321042060852050781e+00,-2.127319335937500000e+00
8.347500801086425781e+00,-2.775241374969482422e+00
7.474184036254882812e+00,-2.009468793869018555e+00
1.207991218566894531e+01,-2.138226747512817383e+00
9.643171310424804688e+00,-1.171756148338317871e+00
9.049798965454101562e+00,-3.057487249374389648e+00
8.580734252929687500e+00,-2.606385350227355957e-01
8.006172180175781250e+00,-3.070349693298339844e+00
8.698255538940429688e+00,-2.659666538238525391e+00
8.308174133300781250e+00,-2.583720684051513672e+00
8.681689262390136719e+00,-2.998599290847778320e+00
8.889855384826660156e+00,-1.988462209701538086e+00
9.683857917785644531e+00,-2.123581647872924805e+00
8.205961227416992188e+00,-2.828000545501708984e+00
9.133270263671875000e+00,-2.558020114898681641e+00
1.135450458526611328e+01,-3.310653209686279297e+00
8.823132514953613281e+00,-2.667757272720336914e+00
8.043081283569335938e+00,-2.419867515563964844e+00
8.671044349670410156e+00,-2.823156595230102539e+00
8.705997467041015625e+00,-3.705505847930908203e+00
8.351284980773925781e+00,-2.557926654815673828e+00
7.501555442810058594e+00,-1.983396291732788086e+00
7.546726226806640625e+00,-1.940557360649108887e+00
8.542156219482421875e+00,-2.766443967819213867e+00
7.730951309204101562e+00,-2.482841968536376953e+00
7.279005050659179688e+00,-2.166835308074951172e+00
8.699001312255859375e+00,-2.348415851593017578e+00
6.757558345794677734e+00,-1.449924349784851074e+00
8.998379707336425781e+00,-2.979633808135986328e+00
9.076519012451171875e+00,-2.734323501586914062e+00
9.577443122863769531e+00,-3.094945669174194336e+00
9.430415153503417969e+00,-2.537496328353881836e+00
7.941586971282958984e+00,-2.327072143554687500e+00
9.853209495544433594e+00,-3.608403921127319336e+00
8.473776817321777344e+00,-2.581835031509399414e+00
8.582155227661132812e+00,-2.405524253845214844e+00
1.002800750732421875e+01,-3.181689500808715820e+00
1.000259494781494141e+01,-2.565686464309692383e+00
1.123019218444824219e+01,-3.321609020233154297e+00
6.578300476074218750e+00,-3.035123825073242188e+00
1.011120891571044922e+01,-3.302933692932128906e+00
8.615342140197753906e+00,-2.463271617889404297e+00
8.717509269714355469e+00,-2.844401359558105469e+00
9.441876411437988281e+00,-2.534651756286621094e+00
8.911655426025390625e+00,-3.002799272537231445e+00
9.334074974060058594e+00,-3.146795034408569336e+00
9.048017501831054688e+00,-3.052410840988159180e+00
9.400434494018554688e+00,-2.991129636764526367e+00
8.849130630493164062e+00,-2.502282857894897461e+00
8.893549919128417969e+00,-3.112947225570678711e+00
1.023936080932617188e+01,-3.886249542236328125e+00
8.846496582031250000e+00,-2.941343307495117188e+00
7.741530418395996094e+00,-1.342912673950195312e+00
8.142311096191406250e+00,-3.475051879882812500e+00
9.255831718444824219e+00,-3.036421298980712891e+00
9.085005760192871094e+00,-2.967438459396362305e+00
8.460392951965332031e+00,-2.155030488967895508e+00
8.787849426269531250e+00,-2.921283483505249023e+00
8.944701194763183594e+00,-2.892709493637084961e+00
8.319503784179687500e+00,-2.302698850631713867e+00
7.966309070587158203e+00,-2.260886669158935547e+00
8.286041259765625000e+00,-2.456115961074829102e+00
8.329627037048339844e+00,-2.636695384979248047e+00
7.713490962982177734e+00,-2.122313499450683594e+00
8.689695358276367188e+00,-2.497457981109619141e+00
8.971035003662109375e+00,-2.814544916152954102e+00
8.707745552062988281e+00,-2.884455204010009766e+00
7.898755073547363281e+00,-2.371693611145019531e+00
1.097166824340820312e+01,-3.603859424591064453e+00
8.507734298706054688e+00,-1.388317495584487915e-01
9.106686592102050781e+00,-3.052686929702758789e+00
8.649490356445312500e+00,-2.998769283294677734e+00
8.777803421020507812e+00,-1.975884318351745605e+00
1.206000804901123047e+01,-3.449569225311279297e+00
1.206075191497802734e+01,-3.482536554336547852e+00
1.212149620056152344e+01,-3.465001106262207031e+00
1.193019199371337891e+01,-3.266524314880371094e+00
1.202450180053710938e+01,-3.463270187377929688e+00
1.209134483337402344e+01,-3.499162912368774414e+00
1.204606342315673828e+01,-3.499894857406616211e+00
1.203922462463378906e+01,-3.480495929718017578e+00
1.205990219116210938e+01,-3.251897335052490234e+00
1.211563301086425781e+01,-3.450454711914062500e+00
1.210764598846435547e+01,-3.509668827056884766e+00
1.208631134033203125e+01,-3.455378770828247070e+00
1.060464477539062500e+01,-3.288032770156860352e+00
1.066122150421142578e+01,-3.327436447143554688e+00
1.062498569488525391e+01,-3.316167116165161133e+00
1.050649929046630859e+01,-3.181226730346679688e+00
1.061471652984619141e+01,-3.343038082122802734e+00
1.061446094512939453e+01,-3.292463064193725586e+00
1.063113880157470703e+01,-3.431032896041870117e+00
1.059174060821533203e+01,-3.243531465530395508e+00
1.064492321014404297e+01,-3.216892719268798828e+00
1.065447521209716797e+01,-3.336786746978759766e+00
1.066248416900634766e+01,-3.336873531341552734e+00
1.067351245880126953e+01,-3.309375762939453125e+00
6.532929420471191406e+00,-7.027495503425598145e-01
6.529742240905761719e+00,-7.058022022247314453e-01
6.500120639801025391e+00,-6.988481283187866211e-01
6.569981098175048828e+00,-7.544385194778442383e-01
6.538315773010253906e+00,-6.923553943634033203e-01
6.502772808074951172e+00,-7.311498522758483887e-01
6.532228469848632812e+00,-7.119898796081542969e-01
6.545010089874267578e+00,-7.140116691589355469e-01
6.589300155639648438e+00,-7.329453825950622559e-01
6.535665512084960938e+00,-7.274010777473449707e-01
6.540146350860595703e+00,-6.983872056007385254e-01
6.531578063964843750e+00,-6.957505345344543457e-01
7.062445640563964844e+00,2.128820419311523438e+00
1.409972572326660156e+01,-3.115849256515502930e+00
7.492323875427246094e+00,6.471512794494628906e+00
7.887698173522949219e+00,2.205728054046630859e+00
1.610505867004394531e+01,-7.264950275421142578e+00
5.577132225036621094e+00,3.567652463912963867e+00
5.312864303588867188e+00,5.540704727172851562e+00
7.568115234375000000e+00,2.211292505264282227e+00
8.685376167297363281e+00,2.358486413955688477e+00
1.988696098327636719e+01,2.750740945339202881e-01
1.396016216278076172e+01,-3.616566181182861328e+00
7.546772480010986328e+00,6.120707511901855469e+00
7.117700576782226562e+00,-1.142632842063903809e+00
7.057874202728271484e+00,-1.158851265907287598e+00
7.068141937255859375e+00,-1.162823677062988281e+00
7.228305816650390625e+00,-1.236248970031738281e+00
7.093064308166503906e+00,-1.193490505218505859e+00
7.152351379394531250e+00,-1.116510868072509766e+00
7.125882148742675781e+00,-1.148126602172851562e+00
7.104412555694580078e+00,-1.136786580085754395e+00
7.061631202697753906e+00,-1.122633814811706543e+00
7.118450641632080078e+00,-1.146363377571105957e+00
7.086412906646728516e+00,-1.117634534835815430e+00
7.057806015014648438e+00,-1.133562207221984863e+00
9.415669441223144531e+00,-4.231923103332519531e+00
9.442850112915039062e+00,-4.253389358520507812e+00
9.500581741333007812e+00,-4.250112056732177734e+00
9.458902359008789062e+00,-4.172256946563720703e+00
9.476627349853515625e+00,-4.240556716918945312e+00
9.396544456481933594e+00,-4.225889205932617188e+00
9.423523902893066406e+00,-4.217902660369873047e+00
9.411284446716308594e+00,-4.176930904388427734e+00
9.403633117675781250e+00,-4.173450946807861328e+00
9.403223037719726562e+00,-4.182056427001953125e+00
9.396247863769531250e+00,-4.238035678863525391e+00
9.425705909729003906e+00,-4.250250816345214844e+00
1.206398963928222656e+01,-3.487835645675659180e+00
1.212144279479980469e+01,-3.539214372634887695e+00
1.210370445251464844e+01,-3.479494571685791016e+00
1.184468841552734375e+01,-3.187669277191162109e+00
1.209665966033935547e+01,-3.477575778961181641e+00
1.207870006561279297e+01,-3.493530988693237305e+00
1.212467956542968750e+01,-3.496285915374755859e+00
1.204472637176513672e+01,-3.455352544784545898e+00
1.193527317047119141e+01,-3.200977802276611328e+00
1.205771446228027344e+01,-3.433065414428710938e+00
1.208809185028076172e+01,-3.480534076690673828e+00
1.210156059265136719e+01,-3.533555984497070312e+00
1.066852569580078125e+01,-3.685398578643798828e+00
1.080454540252685547e+01,-3.656044960021972656e+00
1.075679492950439453e+01,-3.608923912048339844e+00
1.062731933593750000e+01,-3.553543806076049805e+00
1.073134803771972656e+01,-3.632536411285400391e+00
1.076033973693847656e+01,-3.631352424621582031e+00
1.068723869323730469e+01,-3.628553628921508789e+00
1.070054054260253906e+01,-3.619894504547119141e+00
1.067348670959472656e+01,-3.580630779266357422e+00
1.067860698699951172e+01,-3.610608100891113281e+00
1.068286514282226562e+01,-3.635054588317871094e+00
1.067981147766113281e+01,-3.636757612228393555e+00
7.199121952056884766e+00,4.742681607604026794e-02
7.169699668884277344e+00,6.923077255487442017e-02
7.212198257446289062e+00,8.149146288633346558e-02
7.434789657592773438e+00,1.011562882922589779e-03
7.264373302459716797e+00,4.747306928038597107e-02
7.205248832702636719e+00,8.536206185817718506e-02
7.283653259277343750e+00,-8.449637331068515778e-03
7.198777675628662109e+00,9.158258140087127686e-02
7.194465637207031250e+00,-7.957295165397226810e-04
7.195575237274169922e+00,6.035843864083290100e-02
7.209407806396484375e+00,6.651004403829574585e-02
7.201997280120849609e+00,6.554183363914489746e-02
6.307060241699218750e+00,-9.079331398010253906e+00
1.272652149200439453e+01,1.038653278350830078e+01
1.581872463226318359e+01,-1.392239570617675781e+00
7.491213321685791016e+00,3.347820043563842773e+00
1.686191558837890625e+01,-1.776330232620239258e+00
3.929520368576049805e+00,1.158096981048583984e+01
4.548150539398193359e+00,1.055512809753417969e+01
3.484293460845947266e+00,1.178984355926513672e+01
6.959848403930664062e+00,2.835911750793457031e+00
8.939346313476562500e+00,4.754971027374267578e+00
1.292810821533203125e+01,1.011749649047851562e+01
1.286986255645751953e+01,1.005112552642822266e+01
6.660199642181396484e+00,-6.985655520111322403e-03
6.608362674713134766e+00,4.457409679889678955e-02
6.622849464416503906e+00,1.599483005702495575e-02
6.690189838409423828e+00,3.036134177818894386e-03
6.656149387359619141e+00,-2.310400130227208138e-03
6.686951637268066406e+00,-1.102467533200979233e-03
6.673376083374023438e+00,-2.451452799141407013e-02
6.676290988922119141e+00,-3.953111823648214340e-03
6.701848983764648438e+00,-3.796860203146934509e-02
6.715189933776855469e+00,-2.047516405582427979e-02
6.666637420654296875e+00,4.678253550082445145e-03
6.630273342132568359e+00,4.683127254247665405e-02
1.007531833648681641e+01,-4.311602592468261719e+00
1.006573963165283203e+01,-4.323062896728515625e+00
1.009804725646972656e+01,-4.332614898681640625e+00
1.010013008117675781e+01,-4.270484447479248047e+00
1.010129165649414062e+01,-4.272483348846435547e+00
1.005697345733642578e+01,-4.321505546569824219e+00
1.009717845916748047e+01,-4.294021129608154297e+00
1.005144500732421875e+01,-4.242017269134521484e+00
1.020550155639648438e+01,-4.322943210601806641e+00
1.010109329223632812e+01,-4.308139324188232422e+00
1.010674953460693359e+01,-4.334135532379150391e+00
1.008467483520507812e+01,-4.343912601470947266e+00
1.309302806854248047e+01,1.681570053100585938e+00
1.285535049438476562e+01,1.384985566139221191e+00
1.283032035827636719e+01,1.307906985282897949e+00
1.302217674255371094e+01,1.256800174713134766e+00
1.295769596099853516e+01,1.147125720977783203e+00
1.294845390319824219e+01,1.335569024085998535e+00
1.264595413208007812e+01,1.141020059585571289e+00
1.290697288513183594e+01,1.369617581367492676e+00
1.301854419708251953e+01,1.340344190597534180e+00
1.280561447143554688e+01,1.160677909851074219e+00
1.297643756866455078e+01,1.211373567581176758e+00
1.302457427978515625e+01,1.435927510261535645e+00
1.339982414245605469e+01,1.878946423530578613e+00
1.301093864440917969e+01,1.844714522361755371e+00
1.305127811431884766e+01,1.903888106346130371e+00
1.337385940551757812e+01,1.610751271247863770e+00
1.355075550079345703e+01,1.699243903160095215e+00
1.315957832336425781e+01,1.564220428466796875e+00
1.318390274047851562e+01,1.771436572074890137e+00
1.289183425903320312e+01,1.596759319305419922e+00
1.322679901123046875e+01,1.671104907989501953e+00
1.350142097473144531e+01,1.766168117523193359e+00
1.329805946350097656e+01,1.728256821632385254e+00
1.336071395874023438e+01,1.727718591690063477e+00
1.223796844482421875e+01,2.500315666198730469e+00
1.235348701477050781e+01,2.387960195541381836e+00
1.229354000091552734e+01,2.648587703704833984e+00
1.212898826599121094e+01,2.289014101028442383e+00
1.218703269958496094e+01,2.162327766418457031e+00
1.237014675140380859e+01,2.547808170318603516e+00
1.232659339904785156e+01,2.346251964569091797e+00
1.252747917175292969e+01,1.953128695487976074e+00
1.240857791900634766e+01,2.527251720428466797e+00
1.230616855621337891e+01,2.306628227233886719e+00
1.247190952301025391e+01,2.226153373718261719e+00
1.249615383148193359e+01,2.404807329177856445e+00
1.407990646362304688e+01,-3.122417688369750977e+00
7.490853309631347656e+00,6.491461753845214844e+00
7.859620571136474609e+00,2.213461875915527344e+00
1.610409164428710938e+01,-7.265737056732177734e+00
5.579379081726074219e+00,3.565531253814697266e+00
5.313415527343750000e+00,5.539999485015869141e+00
7.591389179229736328e+00,2.213128566741943359e+00
8.699394226074218750e+00,2.358890056610107422e+00
1.988577651977539062e+01,2.757087051868438721e-01
1.395950508117675781e+01,-3.607331514358520508e+00
7.541029453277587891e+00,6.093677520751953125e+00
7.049873352050781250e+00,2.126249790191650391e+00
7.780763626098632812e+00,-1.231560587882995605e+00
8.154373168945312500e+00,-1.433321475982666016e+00
8.498168945312500000e+00,-1.742199182510375977e+00
7.684959411621093750e+00,-1.331134438514709473e+00
7.969058036804199219e+00,-1.267255306243896484e+00
8.619408607482910156e+00,-1.695463061332702637e+00
8.061376571655273438e+00,-1.318335533142089844e+00
7.858568668365478516e+00,-1.163791656494140625e+00
8.084052085876464844e+00,-1.402521967887878418e+00
7.954221725463867188e+00,-1.320622205734252930e+00
7.885937690734863281e+00,-1.267649054527282715e+00
8.133503913879394531e+00,-1.406979441642761230e+00
8.896486282348632812e+00,-1.762659311294555664e+00
9.336594581604003906e+00,-1.955869317054748535e+00
8.858530998229980469e+00,-1.808035731315612793e+00
9.299041748046875000e+00,-1.639439344406127930e+00
9.335762023925781250e+00,-1.633975625038146973e+00
8.939210891723632812e+00,-1.711965441703796387e+00
9.059547424316406250e+00,-1.942761540412902832e+00
8.898975372314453125e+00,-1.836136937141418457e+00
8.746651649475097656e+00,-1.730237126350402832e+00
8.923491477966308594e+00,-1.577537059783935547e+00
9.616831779479980469e+00,-1.975111365318298340e+00
8.839550971984863281e+00,-1.821561574935913086e+00
9.273624420166015625e+00,-1.988069534301757812e+00
9.463592529296875000e+00,-2.026395797729492188e+00
9.566785812377929688e+00,-1.891708374023437500e+00
9.283156394958496094e+00,-1.577934026718139648e+00
9.034551620483398438e+00,-1.038484692573547363e+00
9.331583976745605469e+00,-2.175618171691894531e+00
9.511384963989257812e+00,-1.734555602073669434e+00
9.340032577514648438e+00,-1.901474952697753906e+00
8.911012649536132812e+00,-1.603430628776550293e+00
9.750471115112304688e+00,-2.047670602798461914e+00
9.574639320373535156e+00,-1.831596016883850098e+00
9.274910926818847656e+00,-1.930312275886535645e+00
1.335435962677001953e+01,1.756101965904235840e+00
1.299919700622558594e+01,1.571825981140136719e+00
1.321222686767578125e+01,1.555110573768615723e+00
1.340205478668212891e+01,1.453476190567016602e+00
1.298855113983154297e+01,1.382082819938659668e+00
1.283993339538574219e+01,1.728861212730407715e+00
1.316562461853027344e+01,1.513449072837829590e+00
1.350987339019775391e+01,1.563085675239562988e+00
1.340262699127197266e+01,1.984093070030212402e+00
1.345571899414062500e+01,1.560294151306152344e+00
1.305879497528076172e+01,1.392126679420471191e+00
1.327863883972167969e+01,1.781931996345520020e+00
1.201583862304687500e+01,1.846670627593994141e+00
1.287234115600585938e+01,1.595710635185241699e+00
1.228915119171142578e+01,1.932922720909118652e+00
1.204412364959716797e+01,1.812726378440856934e+00
1.257715892791748047e+01,1.943335533142089844e+00
1.239994430541992188e+01,2.241731166839599609e+00
1.224674320220947266e+01,1.968564748764038086e+00
1.227460289001464844e+01,2.085977554321289062e+00
1.213006305694580078e+01,2.255636930465698242e+00
1.208685111999511719e+01,1.940122604370117188e+00
1.213090610504150391e+01,1.959375858306884766e+00
1.219836902618408203e+01,2.124444484710693359e+00
1.288543796539306641e+01,1.007152748107910156e+01
6.304743766784667969e+00,-9.082708358764648438e+00
1.272544765472412109e+01,1.038877964019775391e+01
1.582248115539550781e+01,-1.394317388534545898e+00
7.493170261383056641e+00,3.366877794265747070e+00
1.685692405700683594e+01,-1.774028182029724121e+00
3.942069292068481445e+00,1.157336997985839844e+01
4.541557312011718750e+00,1.055496788024902344e+01
3.486221790313720703e+00,1.178841209411621094e+01
6.955155372619628906e+00,2.843648433685302734e+00
8.964063644409179688e+00,4.767150878906250000e+00
1.291517162322998047e+01,1.012859535217285156e+01
8.086472511291503906e+00,1.752877682447433472e-01
8.535841941833496094e+00,-9.867748618125915527e-02
8.144829750061035156e+00,1.309801340103149414e-01
8.175548553466796875e+00,9.440393745899200439e-02
8.401751518249511719e+00,3.878687694668769836e-02
8.112652778625488281e+00,1.880184561014175415e-01
8.289262771606445312e+00,2.650272287428379059e-02
8.037074089050292969e+00,-5.681299790740013123e-02
7.791418075561523438e+00,-5.797613263130187988e-01
8.749284744262695312e+00,-3.045998811721801758e-01
8.626615524291992188e+00,-2.084686607122421265e-01
8.159750938415527344e+00,1.393236964941024780e-01
9.122778892517089844e+00,-1.223548889160156250e+00
9.214646339416503906e+00,-1.181458592414855957e+00
9.183455467224121094e+00,-1.400209426879882812e+00
9.215891838073730469e+00,-1.337624669075012207e+00
8.838430404663085938e+00,-4.929890632629394531e-01
9.192708969116210938e+00,-1.243711113929748535e+00
9.094543457031250000e+00,-6.513743400573730469e-01
9.236444473266601562e+00,-1.407297253608703613e+00
9.517930030822753906e+00,-1.839004755020141602e+00
9.219852447509765625e+00,-1.322435975074768066e+00
9.012695312500000000e+00,-6.898921728134155273e-01
9.291943550109863281e+00,-1.399112462997436523e+00
1.330930042266845703e+01,2.218770980834960938e+00
1.318214416503906250e+01,2.024064540863037109e+00
1.339757537841796875e+01,1.627864718437194824e+00
1.329231739044189453e+01,1.585927844047546387e+00
1.336355018615722656e+01,1.418159484863281250e+00
1.323598861694335938e+01,1.850300908088684082e+00
1.300962257385253906e+01,1.764955878257751465e+00
1.313460254669189453e+01,2.010400056838989258e+00
1.339351844787597656e+01,1.506782293319702148e+00
1.353966426849365234e+01,1.936692357063293457e+00
1.337993049621582031e+01,1.546765089035034180e+00
1.349948596954345703e+01,1.548053979873657227e+00
1.338818931579589844e+01,2.138865947723388672e+00
1.334027767181396484e+01,2.208998441696166992e+00
1.326861763000488281e+01,1.908771395683288574e+00
1.350010585784912109e+01,1.670461893081665039e+00
1.330299186706542969e+01,1.593502879142761230e+00
1.347386837005615234e+01,1.965120315551757812e+00
1.339647483825683594e+01,1.789266228675842285e+00
1.333383655548095703e+01,1.980426192283630371e+00
1.337283802032470703e+01,1.522041916847229004e+00
1.370993614196777344e+01,1.933009743690490723e+00
1.364782142639160156e+01,1.827181458473205566e+00
1.349649333953857422e+01,1.855891108512878418e+00
1.217284679412841797e+01,2.569937944412231445e+00
1.226709175109863281e+01,2.682813167572021484e+00
1.221282386779785156e+01,2.579467535018920898e+00
1.200768661499023438e+01,2.318435907363891602e+00
1.220780181884765625e+01,2.480017185211181641e+00
1.228679752349853516e+01,2.506317377090454102e+00
1.222858428955078125e+01,2.148469686508178711e+00
1.227595615386962891e+01,2.528172492980957031e+00
1.246023941040039062e+01,2.612251996994018555e+00
1.232211589813232422e+01,2.313853025436401367e+00
1.255931663513183594e+01,2.345513582229614258e+00
1.226677322387695312e+01,2.487811803817749023e+00
7.491402626037597656e+00,6.469594478607177734e+00
7.838870525360107422e+00,2.200349330902099609e+00
1.610271644592285156e+01,-7.266241073608398438e+00
5.578844547271728516e+00,3.567623853683471680e+00
5.312775135040283203e+00,5.540689945220947266e+00
7.608596801757812500e+00,2.199536561965942383e+00
8.689235687255859375e+00,2.340600013732910156e+00
1.988802909851074219e+01,2.741189301013946533e-01
1.396408557891845703e+01,-3.620341062545776367e+00
7.536138534545898438e+00,6.108844280242919922e+00
7.038099288940429688e+00,2.118165254592895508e+00
1.410502147674560547e+01,-3.096012830734252930e+00
8.117475509643554688e+00,-1.419464588165283203e+00
8.452465057373046875e+00,-1.812471628189086914e+00
8.126788139343261719e+00,-1.404503941535949707e+00
7.932539939880371094e+00,-1.076094746589660645e+00
8.958022117614746094e+00,-1.646816611289978027e+00
8.286948204040527344e+00,-1.383124947547912598e+00
8.135972976684570312e+00,-1.302082777023315430e+00
7.943267345428466797e+00,-1.188110351562500000e+00
8.036608695983886719e+00,-1.350348472595214844e+00
7.885140895843505859e+00,-1.322237014770507812e+00
8.140744209289550781e+00,-1.424426436424255371e+00
7.921228885650634766e+00,-1.299293518066406250e+00
8.560197830200195312e+00,-1.961192131042480469e+00
8.713700294494628906e+00,-1.758780598640441895e+00
8.930505752563476562e+00,-1.471803903579711914e+00
9.358148574829101562e+00,-1.603844165802001953e+00
9.137630462646484375e+00,-1.498148918151855469e+00
8.616932868957519531e+00,-1.532172679901123047e+00
8.608808517456054688e+00,-1.396273374557495117e+00
8.502934455871582031e+00,-1.531621932983398438e+00
8.740161895751953125e+00,-1.639673709869384766e+00
9.197969436645507812e+00,-1.723752140998840332e+00
9.161683082580566406e+00,-1.843060135841369629e+00
8.759792327880859375e+00,-1.677314162254333496e+00
8.898598670959472656e+00,-1.956799149513244629e+00
9.280176162719726562e+00,-1.863842844963073730e+00
9.116821289062500000e+00,-1.780277371406555176e+00
9.217533111572265625e+00,-1.558397889137268066e+00
8.958915710449218750e+00,-6.977837085723876953e-01
9.040343284606933594e+00,-1.941875219345092773e+00
9.161510467529296875e+00,-1.088220953941345215e+00
9.170391082763671875e+00,-1.840864539146423340e+00
8.973931312561035156e+00,-1.418913125991821289e+00
9.559860229492187500e+00,-1.904462456703186035e+00
9.165034294128417969e+00,-1.419998645782470703e+00
9.044428825378417969e+00,-1.921802401542663574e+00
1.315630722045898438e+01,2.069956779479980469e+00
1.317893600463867188e+01,1.873559951782226562e+00
1.348332309722900391e+01,1.437886714935302734e+00
1.344545364379882812e+01,1.567682266235351562e+00
1.339766693115234375e+01,1.434735774993896484e+00
1.338397216796875000e+01,1.668672442436218262e+00
1.304996776580810547e+01,1.855727076530456543e+00
1.331792354583740234e+01,1.725462555885314941e+00
1.362208175659179688e+01,1.837823987007141113e+00
1.351820278167724609e+01,1.966905355453491211e+00
1.338110065460205078e+01,1.492866992950439453e+00
1.336342334747314453e+01,1.639808893203735352e+00
1.199249172210693359e+01,2.078821659088134766e+00
1.203569221496582031e+01,1.895877361297607422e+00
1.336431694030761719e+01,1.652356624603271484e+00
1.199641704559326172e+01,2.069723606109619141e+00
1.194409179687500000e+01,1.764334797859191895e+00
1.257204818725585938e+01,2.095340728759765625e+00
1.219427967071533203e+01,1.972437977790832520e+00
1.203959465026855469e+01,1.922817826271057129e+00
1.232114028930664062e+01,2.227138757705688477e+00
1.214025592803955078e+01,2.397118091583251953e+00
1.189698314666748047e+01,1.839780926704406738e+00
1.218364143371582031e+01,2.042488574981689453e+00
1.291283607482910156e+01,1.012584018707275391e+01
1.286663341522216797e+01,1.006502723693847656e+01
6.297281742095947266e+00,-9.085954666137695312e+00
1.272601699829101562e+01,1.038804244995117188e+01
1.582704162597656250e+01,-1.394877433776855469e+00
7.490294933319091797e+00,3.350858211517333984e+00
1.686113357543945312e+01,-1.778252005577087402e+00
3.920045614242553711e+00,1.159428691864013672e+01
4.547952651977539062e+00,1.055543136596679688e+01
3.485328197479248047e+00,1.178879070281982422e+01
6.959251403808593750e+00,2.839194059371948242e+00
8.944385528564453125e+00,4.751721382141113281e+00
7.941586494445800781e+00,2.407474368810653687e-01
8.259715080261230469e+00,4.358524829149246216e-02
8.461660385131835938e+00,-2.892776131629943848e-01
8.131684303283691406e+00,4.833318665623664856e-02
8.365648269653320312e+00,-2.073016203939914703e-02
8.441574096679687500e+00,6.528183072805404663e-02
8.399322509765625000e+00,-2.497247792780399323e-02
8.073221206665039062e+00,-3.392735868692398071e-02
7.939993381500244141e+00,-3.346070051193237305e-01
8.140273094177246094e+00,-4.326317310333251953e-01
8.735227584838867188e+00,-2.723602950572967529e-01
8.532377243041992188e+00,-1.289644390344619751e-01
8.558938026428222656e+00,-6.813325881958007812e-01
8.943163871765136719e+00,-8.161042332649230957e-01
9.299796104431152344e+00,-1.508871912956237793e+00
9.124155044555664062e+00,-1.313067555427551270e+00
8.911803245544433594e+00,-6.492745876312255859e-01
8.689623832702636719e+00,-3.037559986114501953e-01
9.050931930541992188e+00,-6.578546762466430664e-01
8.777566909790039062e+00,-7.238243222236633301e-01
9.281116485595703125e+00,-1.552841305732727051e+00
9.297397613525390625e+00,-2.200756072998046875e+00
8.958146095275878906e+00,-6.351475119590759277e-01
8.787299156188964844e+00,-4.566082954406738281e-01
1.335612678527832031e+01,2.146115064620971680e+00
1.333260059356689453e+01,2.022777318954467773e+00
1.357762145996093750e+01,1.693526506423950195e+00
1.343302249908447266e+01,1.526776194572448730e+00
1.355583286285400391e+01,1.674914836883544922e+00
1.336345672607421875e+01,1.956142783164978027e+00
1.305805778503417969e+01,1.752164006233215332e+00
1.310644054412841797e+01,1.945995330810546875e+00
1.358954524993896484e+01,1.870973229408264160e+00
1.341512012481689453e+01,2.079611301422119141e+00
1.360668849945068359e+01,1.825338125228881836e+00
1.351952934265136719e+01,1.563951969146728516e+00
1.333862972259521484e+01,2.292662143707275391e+00
1.328863048553466797e+01,2.021779775619506836e+00
1.338858985900878906e+01,1.909770250320434570e+00
1.328477478027343750e+01,1.586030960083007812e+00
1.347488021850585938e+01,1.828554034233093262e+00
1.342729759216308594e+01,2.167615652084350586e+00
1.301119709014892578e+01,1.813892483711242676e+00
1.314683914184570312e+01,2.089227676391601562e+00
1.356672954559326172e+01,1.923888087272644043e+00
1.343632411956787109e+01,2.100542068481445312e+00
1.361856746673583984e+01,1.889697670936584473e+00
1.349560737609863281e+01,1.886318564414978027e+00
1.224997425079345703e+01,2.369925022125244141e+00
1.226281166076660156e+01,2.707944393157958984e+00
1.218164730072021484e+01,2.429865598678588867e+00
1.203213500976562500e+01,2.179914712905883789e+00
1.237903213500976562e+01,2.397588968276977539e+00
1.228667449951171875e+01,2.608703613281250000e+00
1.212781143188476562e+01,2.485033035278320312e+00
1.228840541839599609e+01,2.702844858169555664e+00
1.231513214111328125e+01,2.473104953765869141e+00
1.239047431945800781e+01,2.303844213485717773e+00
1.225268650054931641e+01,2.455764532089233398e+00
1.221721267700195312e+01,2.442048072814941406e+00
7.872236251831054688e+00,2.208164691925048828e+00
1.610408020019531250e+01,-7.265385150909423828e+00
5.578923702239990234e+00,3.565316677093505859e+00
5.312724590301513672e+00,5.540795326232910156e+00
7.586735725402832031e+00,2.211362123489379883e+00
8.684484481811523438e+00,2.353120088577270508e+00
1.989214706420898438e+01,2.724474668502807617e-01
1.395921421051025391e+01,-3.618825912475585938e+00
7.533331871032714844e+00,6.116416454315185547e+00
7.047780990600585938e+00,2.130717992782592773e+00
1.410263347625732422e+01,-3.097888946533203125e+00
7.492550849914550781e+00,6.460969448089599609e+00
8.420436859130859375e+00,-1.720635175704956055e+00
8.184467315673828125e+00,-1.408494949340820312e+00
7.840885639190673828e+00,-1.270121812820434570e+00
8.020866394042968750e+00,-1.219547748565673828e+00
8.332945823669433594e+00,-1.442818760871887207e+00
8.283457756042480469e+00,-1.453736424446105957e+00
7.719851016998291016e+00,-1.122034072875976562e+00
7.901784896850585938e+00,-1.260493516921997070e+00
7.922785282135009766e+00,-1.324297070503234863e+00
7.822626590728759766e+00,-1.319331645965576172e+00
7.919237613677978516e+00,-1.242960929870605469e+00
7.970520973205566406e+00,-1.319650769233703613e+00
8.587447166442871094e+00,-1.797577142715454102e+00
8.608525276184082031e+00,-1.411348223686218262e+00
9.046580314636230469e+00,-1.824050784111022949e+00
9.248924255371093750e+00,-1.655856013298034668e+00
8.891885757446289062e+00,-1.968533873558044434e+00
8.578251838684082031e+00,-1.455985307693481445e+00
8.539189338684082031e+00,-1.359901070594787598e+00
8.293202400207519531e+00,-1.451727628707885742e+00
8.371725082397460938e+00,-1.662186503410339355e+00
8.693295478820800781e+00,-2.364837884902954102e+00
8.523696899414062500e+00,-1.786509275436401367e+00
8.499165534973144531e+00,-1.567875504493713379e+00
8.575519561767578125e+00,-1.622057557106018066e+00
9.012925148010253906e+00,-2.118891716003417969e+00
9.394659996032714844e+00,-2.206935167312622070e+00
9.258897781372070312e+00,-1.717942953109741211e+00
8.794310569763183594e+00,-1.939624190330505371e+00
9.233633041381835938e+00,-1.968806266784667969e+00
8.654216766357421875e+00,-1.956475675106048584e-01
8.909888267517089844e+00,-2.149072647094726562e+00
8.748028755187988281e+00,-1.953607082366943359e+00
9.116309165954589844e+00,-2.450905799865722656e+00
8.885066032409667969e+00,-1.991569995880126953e+00
8.962605476379394531e+00,-2.021134614944458008e+00
1.303233337402343750e+01,2.074943780899047852e+00
1.309495353698730469e+01,1.943587064743041992e+00
1.349694824218750000e+01,1.647434949874877930e+00
1.349761104583740234e+01,1.520052909851074219e+00
1.348609161376953125e+01,1.516578555107116699e+00
1.340407371520996094e+01,1.620002031326293945e+00
1.319909095764160156e+01,1.586013197898864746e+00
1.310449123382568359e+01,1.867435812950134277e+00
1.363109970092773438e+01,1.761000871658325195e+00
1.337993049621582031e+01,2.062224626541137695e+00
1.359963512420654297e+01,1.798316240310668945e+00
1.337678909301757812e+01,1.571408510208129883e+00
1.210176944732666016e+01,2.061913728713989258e+00
1.189558219909667969e+01,1.915204644203186035e+00
1.185348796844482422e+01,1.806537151336669922e+00
1.235891532897949219e+01,2.180645465850830078e+00
1.214780139923095703e+01,1.907590270042419434e+00
1.198273944854736328e+01,1.769188642501831055e+00
1.220822048187255859e+01,2.081168889999389648e+00
1.183191585540771484e+01,1.907926797866821289e+00
1.214919757843017578e+01,2.063944578170776367e+00
1.220917320251464844e+01,2.422030448913574219e+00
1.201005077362060547e+01,1.991593480110168457e+00
1.191314697265625000e+01,1.835743308067321777e+00
8.940164566040039062e+00,4.752199649810791016e+00
1.291549015045166016e+01,1.012562274932861328e+01
1.287360572814941406e+01,1.005421543121337891e+01
6.305571079254150391e+00,-9.081090927124023438e+00
1.272529029846191406e+01,1.038876819610595703e+01
1.582176876068115234e+01,-1.390957474708557129e+00
7.488936901092529297e+00,3.361857414245605469e+00
1.686195755004882812e+01,-1.777050495147705078e+00
3.935046195983886719e+00,1.157958507537841797e+01
4.548501968383789062e+00,1.055435180664062500e+01
3.494522094726562500e+00,1.177991294860839844e+01
6.957098007202148438e+00,2.839455127716064453e+00
7.999809265136718750e+00,1.814374625682830811e-01
8.103975296020507812e+00,1.214466691017150879e-01
8.138835906982421875e+00,-1.398601336404681206e-03
8.196635246276855469e+00,-8.738125115633010864e-02
8.250465393066406250e+00,-1.461339183151721954e-02
8.286369323730468750e+00,5.250610411167144775e-02
8.615256309509277344e+00,-3.202388584613800049e-01
8.475260734558105469e+00,-1.500097364187240601e-01
7.896214485168457031e+00,-1.364466249942779541e-01
7.806065082550048828e+00,-6.587774157524108887e-01
8.291284561157226562e+00,-3.270292580127716064e-01
8.578790664672851562e+00,-1.787456870079040527e-01
8.597084999084472656e+00,-8.158859610557556152e-01
8.250797271728515625e+00,-8.143525570631027222e-02
8.541032791137695312e+00,-7.245998978614807129e-01
9.021209716796875000e+00,-2.306772708892822266e+00
8.467174530029296875e+00,-4.561097323894500732e-01
8.410507202148437500e+00,-2.974251210689544678e-01
9.048957824707031250e+00,-5.305291414260864258e-01
8.671059608459472656e+00,-2.808554768562316895e-01
9.118099212646484375e+00,-2.119896173477172852e+00
9.076345443725585938e+00,-2.501715183258056641e+00
9.023797988891601562e+00,-1.889779925346374512e+00
8.681133270263671875e+00,-4.182250797748565674e-01
1.319290256500244141e+01,2.119340658187866211e+00
1.313648319244384766e+01,1.904368996620178223e+00
1.312121009826660156e+01,1.420071125030517578e+00
1.346820163726806641e+01,1.523340582847595215e+00
1.352752399444580078e+01,1.885375022888183594e+00
1.317734718322753906e+01,1.973428368568420410e+00
1.310206794738769531e+01,1.813580274581909180e+00
1.300845050811767578e+01,1.928115725517272949e+00
1.348690700531005859e+01,1.810183882713317871e+00
1.322754096984863281e+01,1.981846451759338379e+00
1.348369407653808594e+01,1.953764915466308594e+00
1.338190364837646484e+01,1.687405705451965332e+00
1.329240989685058594e+01,2.127262592315673828e+00
1.329456329345703125e+01,1.851503491401672363e+00
1.361496925354003906e+01,1.668605685234069824e+00
1.349095916748046875e+01,1.578521728515625000e+00
1.334417057037353516e+01,2.073196411132812500e+00
1.338417053222656250e+01,2.147819519042968750e+00
1.306520080566406250e+01,1.885703921318054199e+00
1.331202316284179688e+01,1.999752044677734375e+00
1.360929775238037109e+01,1.943968653678894043e+00
1.330170822143554688e+01,2.029067516326904297e+00
1.340773010253906250e+01,1.907950162887573242e+00
1.344938850402832031e+01,1.809284090995788574e+00
1.227048110961914062e+01,2.512428045272827148e+00
1.228618431091308594e+01,2.560042142868041992e+00
1.213608551025390625e+01,2.325769901275634766e+00
1.218576908111572266e+01,2.246948719024658203e+00
1.224787139892578125e+01,2.594796419143676758e+00
1.223339462280273438e+01,2.514111757278442383e+00
1.220869922637939453e+01,2.508534669876098633e+00
1.222138595581054688e+01,2.557925939559936523e+00
1.287568950653076172e+01,2.260392665863037109e+00
1.224335575103759766e+01,2.411727190017700195e+00
1.231555366516113281e+01,2.356093883514404297e+00
1.254918098449707031e+01,1.962883472442626953e+00
1.610340881347656250e+01,-7.264565467834472656e+00
5.590036392211914062e+00,3.560514688491821289e+00
5.313549041748046875e+00,5.539575099945068359e+00
7.573890686035156250e+00,2.215579509735107422e+00
8.666236877441406250e+00,2.366087675094604492e+00
1.986622619628906250e+01,2.967902123928070068e-01
1.395848655700683594e+01,-3.617935180664062500e+00
7.537668704986572266e+00,6.098682880401611328e+00
7.047247886657714844e+00,2.127419948577880859e+00
1.409918594360351562e+01,-3.098587036132812500e+00
7.495204925537109375e+00,6.481486797332763672e+00
7.861758232116699219e+00,2.194889068603515625e+00
8.114376068115234375e+00,-1.384667515754699707e+00
7.888740062713623047e+00,-1.330416202545166016e+00
7.921643733978271484e+00,-1.028706192970275879e+00
8.071418762207031250e+00,-1.268041968345642090e+00
8.567346572875976562e+00,-1.453241586685180664e+00
8.218729972839355469e+00,-1.354690313339233398e+00
7.672625064849853516e+00,-1.100195884704589844e+00
7.845820903778076172e+00,-1.281916379928588867e+00
8.148599624633789062e+00,-1.468676328659057617e+00
7.880621433258056641e+00,-1.209248304367065430e+00
8.023404121398925781e+00,-1.295038938522338867e+00
8.226650238037109375e+00,-1.397041440010070801e+00
8.821003913879394531e+00,-1.669003248214721680e+00
8.902851104736328125e+00,-2.371774673461914062e+00
9.132473945617675781e+00,-2.383547782897949219e+00
8.823734283447265625e+00,-2.022677183151245117e+00
8.937696456909179688e+00,-1.873850345611572266e+00
8.674127578735351562e+00,-1.706447839736938477e+00
8.290915489196777344e+00,-1.401831507682800293e+00
8.956416130065917969e+00,-2.360094547271728516e+00
8.570983886718750000e+00,-2.018035650253295898e+00
8.865364074707031250e+00,-2.099692583084106445e+00
8.659529685974121094e+00,-1.639410972595214844e+00
8.537322998046875000e+00,-1.450882911682128906e+00
8.542527198791503906e+00,-1.429150223731994629e+00
9.100495338439941406e+00,-2.291003704071044922e+00
8.969929695129394531e+00,-1.368906617164611816e+00
9.598790168762207031e+00,-2.684465169906616211e+00
9.188615798950195312e+00,-2.445694684982299805e+00
9.306530952453613281e+00,-2.413825511932373047e+00
9.272827148437500000e+00,-2.494009017944335938e+00
9.207425117492675781e+00,-2.470864534378051758e+00
9.228047370910644531e+00,-2.460177421569824219e+00
9.312146186828613281e+00,-2.077678442001342773e+00
8.996911048889160156e+00,-2.134522914886474609e+00
9.201536178588867188e+00,-1.812664508819580078e+00
1.346659088134765625e+01,1.980095028877258301e+00
1.306449890136718750e+01,1.907623291015625000e+00
1.296840000152587891e+01,1.509629964828491211e+00
1.361832141876220703e+01,1.631037831306457520e+00
1.363509559631347656e+01,1.658348560333251953e+00
1.344893550872802734e+01,1.694754004478454590e+00
1.322417831420898438e+01,1.648564457893371582e+00
1.317755508422851562e+01,1.749392986297607422e+00
1.337471008300781250e+01,1.751682400703430176e+00
1.360823631286621094e+01,1.894163846969604492e+00
1.321818828582763672e+01,2.095814228057861328e+00
1.342361736297607422e+01,1.637130737304687500e+00
1.232599449157714844e+01,2.376426458358764648e+00
1.199076747894287109e+01,2.022918939590454102e+00
1.186323547363281250e+01,1.876061558723449707e+00
1.213475608825683594e+01,2.140942096710205078e+00
1.242640686035156250e+01,2.076858043670654297e+00
1.207973289489746094e+01,1.843849420547485352e+00
1.198948764801025391e+01,1.876749277114868164e+00
1.202968406677246094e+01,1.904561758041381836e+00
1.187102127075195312e+01,1.876896142959594727e+00
1.218769931793212891e+01,2.439415216445922852e+00
1.217871856689453125e+01,2.159214019775390625e+00
1.202914524078369141e+01,1.860505938529968262e+00
6.950483798980712891e+00,2.845957279205322266e+00
8.938051223754882812e+00,4.756136894226074219e+00
1.290883159637451172e+01,1.011914920806884766e+01
1.287116813659667969e+01,1.005244445800781250e+01
6.305661201477050781e+00,-9.081213951110839844e+00
1.272707748413085938e+01,1.038491153717041016e+01
1.580394268035888672e+01,-1.375587701797485352e+00
7.489044666290283203e+00,3.353567838668823242e+00
1.686298370361328125e+01,-1.776780843734741211e+00
3.934604406356811523e+00,1.158009529113769531e+01
4.548352718353271484e+00,1.055504512786865234e+01
3.485351085662841797e+00,1.178872108459472656e+01
8.310220718383789062e+00,2.561587654054164886e-02
8.125996589660644531e+00,1.403279900550842285e-01
8.235218048095703125e+00,-2.366174943745136261e-02
7.949330329895019531e+00,-3.814066201448440552e-02
8.224274635314941406e+00,-9.550488740205764771e-02
8.134688377380371094e+00,6.304572336375713348e-03
8.216434478759765625e+00,9.251940250396728516e-02
8.672261238098144531e+00,-4.426028430461883545e-01
8.343065261840820312e+00,-7.664991170167922974e-02
7.878013134002685547e+00,-1.880523562431335449e-01
8.803110122680664062e+00,-2.243747949600219727e+00
8.291177749633789062e+00,-1.382848322391510010e-01
8.729256629943847656e+00,-8.102995157241821289e-01
8.361078262329101562e+00,-9.140747040510177612e-02
8.622668266296386719e+00,-7.550519108772277832e-01
9.186182022094726562e+00,-2.501512765884399414e+00
9.350179672241210938e+00,-2.532837867736816406e+00
8.521504402160644531e+00,-5.494865775108337402e-01
8.635778427124023438e+00,-4.482825994491577148e-01
8.482795715332031250e+00,-3.229280114173889160e-01
8.518078804016113281e+00,-5.214745998382568359e-01
9.254125595092773438e+00,-2.354458332061767578e+00
8.981445312500000000e+00,-2.231411457061767578e+00
8.502081871032714844e+00,-4.024814069271087646e-01
1.291540527343750000e+01,1.234079718589782715e+00
1.263920402526855469e+01,1.292676329612731934e+00
1.256512832641601562e+01,1.112856507301330566e+00
1.266432952880859375e+01,1.272184252738952637e+00
1.268756008148193359e+01,1.279829978942871094e+00
1.259641361236572266e+01,1.328975558280944824e+00
1.281914043426513672e+01,1.690592050552368164e+00
1.276866722106933594e+01,1.613498687744140625e+00
1.256982517242431641e+01,1.099833369255065918e+00
1.311369132995605469e+01,1.660920977592468262e+00
1.284581089019775391e+01,1.384975671768188477e+00
1.267564582824707031e+01,1.233396768569946289e+00
1.333247184753417969e+01,1.903131961822509766e+00
1.349444293975830078e+01,1.909028530120849609e+00
1.350835800170898438e+01,1.391012430191040039e+00
1.352729034423828125e+01,1.979976296424865723e+00
1.326836585998535156e+01,2.175434350967407227e+00
1.315298748016357422e+01,1.752131104469299316e+00
1.332225704193115234e+01,1.853676199913024902e+00
1.289870643615722656e+01,1.718785762786865234e+00
1.295338153839111328e+01,1.877772569656372070e+00
1.336955356597900391e+01,2.093353509902954102e+00
1.261362457275390625e+01,1.970619916915893555e+00
1.311346530914306641e+01,1.710399866104125977e+00
1.215552330017089844e+01,2.361452817916870117e+00
1.217689800262451172e+01,2.238190650939941406e+00
1.216164588928222656e+01,2.068933725357055664e+00
1.217344951629638672e+01,2.424350976943969727e+00
1.216995429992675781e+01,2.414900302886962891e+00
1.219590950012207031e+01,2.211164236068725586e+00
1.214174365997314453e+01,2.394536256790161133e+00
1.263036251068115234e+01,2.158109664916992188e+00
1.218852043151855469e+01,2.061580181121826172e+00
1.219345855712890625e+01,2.332498073577880859e+00
1.248484706878662109e+01,1.929630517959594727e+00
1.215170192718505859e+01,1.957715749740600586e+00
5.579703807830810547e+00,3.572822093963623047e+00
5.314304828643798828e+00,5.538474559783935547e+00
7.580343246459960938e+00,2.216855764389038086e+00
8.682306289672851562e+00,2.354301214218139648e+00
1.988475990295410156e+01,2.757976055145263672e-01
1.396092796325683594e+01,-3.612361431121826172e+00
7.535253524780273438e+00,6.114072322845458984e+00
7.060651302337646484e+00,2.129045486450195312e+00
1.410670375823974609e+01,-3.103272676467895508e+00
7.493567943572998047e+00,6.472915172576904297e+00
7.877844333648681641e+00,2.204732418060302734e+00
1.610432624816894531e+01,-7.265664577484130859e+00
7.982251644134521484e+00,-1.341501235961914062e+00
7.915802001953125000e+00,-1.266910672187805176e+00
7.761395454406738281e+00,-8.281426429748535156e-01
8.472527503967285156e+00,-1.385588407516479492e+00
8.337584495544433594e+00,-1.325749039649963379e+00
7.837603569030761719e+00,-1.226625919342041016e+00
7.649410247802734375e+00,-1.110633969306945801e+00
8.169924736022949219e+00,-1.469934821128845215e+00
7.784780502319335938e+00,-1.095951914787292480e+00
7.866654872894287109e+00,-1.157575249671936035e+00
8.259638786315917969e+00,-1.362931013107299805e+00
7.746155261993408203e+00,-1.120879888534545898e+00
8.836443901062011719e+00,-2.032081127166748047e+00
9.225697517395019531e+00,-2.496791362762451172e+00
9.521413803100585938e+00,-2.713930845260620117e+00
9.170613288879394531e+00,-2.247401952743530273e+00
9.034762382507324219e+00,-2.137363672256469727e+00
9.278184890747070312e+00,-2.382441997528076172e+00
8.686196327209472656e+00,-1.647147059440612793e+00
9.123998641967773438e+00,-2.437623977661132812e+00
9.113742828369140625e+00,-2.195952177047729492e+00
8.837913513183593750e+00,-2.048583984375000000e+00
8.704906463623046875e+00,-1.679104924201965332e+00
8.611368179321289062e+00,-1.438048005104064941e+00
9.610574722290039062e+00,-2.823194503784179688e+00
9.419977188110351562e+00,-2.626507759094238281e+00
9.221499443054199219e+00,-2.379738092422485352e+00
9.625325202941894531e+00,-2.802119970321655273e+00
9.514460563659667969e+00,-2.706440687179565430e+00
9.484455108642578125e+00,-2.727051496505737305e+00
9.543722152709960938e+00,-2.796157836914062500e+00
9.491825103759765625e+00,-2.728792190551757812e+00
9.419828414916992188e+00,-2.617540597915649414e+00
9.337154388427734375e+00,-2.331490755081176758e+00
9.212815284729003906e+00,-2.412219285964965820e+00
9.541228294372558594e+00,-2.560913324356079102e+00
1.331509685516357422e+01,1.769327878952026367e+00
1.294885730743408203e+01,1.835060119628906250e+00
1.288425540924072266e+01,1.467460513114929199e+00
1.342345809936523438e+01,1.682129263877868652e+00
1.338854598999023438e+01,1.723594784736633301e+00
1.332978820800781250e+01,1.766484141349792480e+00
1.335216522216796875e+01,1.706718921661376953e+00
1.290079593658447266e+01,1.691383481025695801e+00
1.269863128662109375e+01,1.596073031425476074e+00
1.358430290222167969e+01,1.796020984649658203e+00
1.355335712432861328e+01,1.740763187408447266e+00
1.277847576141357422e+01,1.550023436546325684e+00
1.227605915069580078e+01,2.194401025772094727e+00
1.245469379425048828e+01,2.406494379043579102e+00
1.181668472290039062e+01,1.788554668426513672e+00
1.201554584503173828e+01,2.025675296783447266e+00
1.233226394653320312e+01,2.103810310363769531e+00
1.231176090240478516e+01,1.951929092407226562e+00
1.203596115112304688e+01,2.011899232864379883e+00
1.217121315002441406e+01,2.049809455871582031e+00
1.191942787170410156e+01,1.805153965950012207e+00
1.214266967773437500e+01,2.273551464080810547e+00
1.225500392913818359e+01,2.389811515808105469e+00
1.194749641418457031e+01,1.958788037300109863e+00
3.485271692276000977e+00,1.178878021240234375e+01
6.936523437500000000e+00,2.857309818267822266e+00
8.917124748229980469e+00,4.753891944885253906e+00
1.291851234436035156e+01,1.012769412994384766e+01
1.287093353271484375e+01,1.005092430114746094e+01
6.305255413055419922e+00,-9.082019805908203125e+00
1.272559070587158203e+01,1.038849449157714844e+01
1.581875610351562500e+01,-1.390251398086547852e+00
7.486907482147216797e+00,3.354718685150146484e+00
1.686281394958496094e+01,-1.776484966278076172e+00
3.930930376052856445e+00,1.158065509796142578e+01
4.547729969024658203e+00,1.055627822875976562e+01
8.184046745300292969e+00,-1.078611519187688828e-02
7.844326019287109375e+00,-2.741620242595672607e-01
8.203620910644531250e+00,-4.152120649814605713e-02
8.015917778015136719e+00,-2.221299568191170692e-03
7.914941310882568359e+00,-2.439210936427116394e-02
8.212147712707519531e+00,-2.628015726804733276e-02
7.949757575988769531e+00,1.099585518240928650e-01
8.331097602844238281e+00,-1.075801327824592590e-01
8.481414794921875000e+00,-5.444949865341186523e-01
7.798168182373046875e+00,8.514065295457839966e-02
7.937410831451416016e+00,-1.986867487430572510e-01
8.417332649230957031e+00,-4.513039290904998779e-01
9.541082382202148438e+00,-2.600514173507690430e+00
9.539463996887207031e+00,-2.263648748397827148e+00
8.792526245117187500e+00,-5.634691715240478516e-01
9.302878379821777344e+00,-2.239736318588256836e+00
9.432867050170898438e+00,-2.676373481750488281e+00
9.203805923461914062e+00,-2.431215524673461914e+00
9.081696510314941406e+00,-2.349779367446899414e+00
9.348322868347167969e+00,-2.562822818756103516e+00
9.181577682495117188e+00,-2.381971120834350586e+00
9.278185844421386719e+00,-2.363407373428344727e+00
9.271222114562988281e+00,-2.446922302246093750e+00
9.275247573852539062e+00,-2.508436679840087891e+00
1.210462093353271484e+01,-3.502298116683959961e+00
1.205952930450439453e+01,-3.467675209045410156e+00
1.198804855346679688e+01,-3.300568103790283203e+00
1.210102367401123047e+01,-3.474103689193725586e+00
1.210840225219726562e+01,-3.465456962585449219e+00
1.201763153076171875e+01,-3.548220634460449219e+00
1.208235073089599609e+01,-3.507158756256103516e+00
1.208589553833007812e+01,-3.530179262161254883e+00
1.212077999114990234e+01,-3.496300458908081055e+00
1.189388847351074219e+01,-3.205070972442626953e+00
1.207053947448730469e+01,-3.471140146255493164e+00
1.207914733886718750e+01,-3.487026214599609375e+00
9.440671920776367188e+00,-4.271071910858154297e+00
9.418204307556152344e+00,-4.220376014709472656e+00
9.395769119262695312e+00,-4.154391765594482422e+00
9.386963844299316406e+00,-4.216585636138916016e+00
9.421378135681152344e+00,-4.241678714752197266e+00
9.414554595947265625e+00,-4.272771358489990234e+00
9.414183616638183594e+00,-4.264676570892333984e+00
9.439711570739746094e+00,-4.270740985870361328e+00
9.459553718566894531e+00,-4.292201519012451172e+00
9.445226669311523438e+00,-4.224334239959716797e+00
9.477115631103515625e+00,-4.212435722351074219e+00
9.403568267822265625e+00,-4.234207630157470703e+00
7.062727928161621094e+00,-1.127277135848999023e+00
7.095710277557373047e+00,-1.196953177452087402e+00
7.088414192199707031e+00,-1.154389381408691406e+00
7.097908020019531250e+00,-1.162132143974304199e+00
7.049279689788818359e+00,-1.160425066947937012e+00
7.073566913604736328e+00,-1.148302793502807617e+00
7.125606536865234375e+00,-1.133425951004028320e+00
7.100083827972412109e+00,-1.153769493103027344e+00
7.076859951019287109e+00,-1.145943999290466309e+00
7.218007087707519531e+00,-1.216179490089416504e+00
7.119199275970458984e+00,-1.179944992065429688e+00
7.076169490814208984e+00,-1.158280372619628906e+00
5.314004898071289062e+00,5.538402557373046875e+00
7.573823451995849609e+00,2.224344015121459961e+00
8.685469627380371094e+00,2.354212522506713867e+00
1.989006614685058594e+01,2.755224406719207764e-01
1.396216106414794922e+01,-3.618065595626831055e+00
7.533233165740966797e+00,6.117382526397705078e+00
7.050804615020751953e+00,2.105909824371337891e+00
1.410513496398925781e+01,-3.103617906570434570e+00
7.492919445037841797e+00,6.475751876831054688e+00
7.859290599822998047e+00,2.213066577911376953e+00
1.610690879821777344e+01,-7.263678550720214844e+00
5.579915046691894531e+00,3.566874027252197266e+00
6.504779338836669922e+00,-7.115272879600524902e-01
6.526415824890136719e+00,-7.280248403549194336e-01
6.534336566925048828e+00,-7.136519551277160645e-01
6.533841609954833984e+00,-6.971361637115478516e-01
6.513099670410156250e+00,-6.973358988761901855e-01
6.492704391479492188e+00,-7.032972574234008789e-01
6.530261039733886719e+00,-7.252571582794189453e-01
6.528196334838867188e+00,-7.282609343528747559e-01
6.532496452331542969e+00,-6.971072554588317871e-01
6.559122085571289062e+00,-7.148682475090026855e-01
6.521844387054443359e+00,-7.376406192779541016e-01
6.496712207794189453e+00,-6.949760913848876953e-01
1.060708236694335938e+01,-3.349604845046997070e+00
1.064404773712158203e+01,-3.258765220642089844e+00
1.068027782440185547e+01,-3.289766311645507812e+00
1.058440876007080078e+01,-3.257324457168579102e+00
1.065468883514404297e+01,-3.281028270721435547e+00
1.066164588928222656e+01,-3.315114259719848633e+00
1.061321544647216797e+01,-3.296323060989379883e+00
1.066113376617431641e+01,-3.278284788131713867e+00
1.062321472167968750e+01,-3.320281505584716797e+00
1.055042934417724609e+01,-3.275468587875366211e+00
1.062123489379882812e+01,-3.312454223632812500e+00
1.065568351745605469e+01,-3.263857841491699219e+00
1.207693386077880859e+01,-3.493811368942260742e+00
1.204435253143310547e+01,-3.505632877349853516e+00
1.199209499359130859e+01,-3.328219175338745117e+00
1.210521411895751953e+01,-3.475713491439819336e+00
1.212835311889648438e+01,-3.493154287338256836e+00
1.208297443389892578e+01,-3.493869781494140625e+00
1.204727363586425781e+01,-3.457472085952758789e+00
1.208140468597412109e+01,-3.500612020492553711e+00
1.207723999023437500e+01,-3.466004371643066406e+00
1.194106292724609375e+01,-3.341965436935424805e+00
1.200218200683593750e+01,-3.498616695404052734e+00
1.208569335937500000e+01,-3.478614091873168945e+00
1.011695766448974609e+01,-4.337519168853759766e+00
1.007144546508789062e+01,-4.305340766906738281e+00
1.019321155548095703e+01,-4.302441120147705078e+00
1.010095024108886719e+01,-4.325110435485839844e+00
1.010897350311279297e+01,-4.338928222656250000e+00
1.014739608764648438e+01,-4.351715564727783203e+00
1.006122684478759766e+01,-4.313073158264160156e+00
1.012509632110595703e+01,-4.335660934448242188e+00
1.011868095397949219e+01,-4.339251041412353516e+00
1.010024547576904297e+01,-4.308328628540039062e+00
1.009332084655761719e+01,-4.302487850189208984e+00
1.004814815521240234e+01,-4.261777877807617188e+00
6.634296417236328125e+00,2.657963149249553680e-02
6.624724388122558594e+00,6.553156673908233643e-02
6.665539741516113281e+00,-1.338396314531564713e-02
6.666427135467529297e+00,9.895087219774723053e-03
6.632534503936767578e+00,1.938692852854728699e-02
6.604110717773437500e+00,6.138001009821891785e-02
6.633026123046875000e+00,2.228040620684623718e-02
6.637488365173339844e+00,1.987295038998126984e-02
6.649427890777587891e+00,1.050487440079450607e-02
6.687219142913818359e+00,2.801128476858139038e-02
6.658850669860839844e+00,2.910268725827336311e-03
6.660538196563720703e+00,2.660660631954669952e-02
4.548271179199218750e+00,1.055510234832763672e+01
3.481928825378417969e+00,1.179110431671142578e+01
6.951461315155029297e+00,2.846043825149536133e+00
8.938138008117675781e+00,4.754915237426757812e+00
1.291804218292236328e+01,1.012200927734375000e+01
1.285222053527832031e+01,1.001735210418701172e+01
6.320813179016113281e+00,-9.066222190856933594e+00
1.272235393524169922e+01,1.039904117584228516e+01
1.581856632232666016e+01,-1.389652848243713379e+00
7.486455440521240234e+00,3.360828638076782227e+00
1.686354827880859375e+01,-1.777045965194702148e+00
3.942138671875000000e+00,1.157675743103027344e+01
7.200869083404541016e+00,4.399834200739860535e-02
7.171933650970458984e+00,1.130853965878486633e-01
7.181012153625488281e+00,-3.525862470269203186e-02
7.188929080963134766e+00,8.162239938974380493e-02
7.158059120178222656e+00,6.431921571493148804e-02
7.168323516845703125e+00,6.332297623157501221e-02
7.193584918975830078e+00,7.023156434297561646e-02
7.154888629913330078e+00,8.272296935319900513e-02
7.213912010192871094e+00,7.712636888027191162e-02
7.292370796203613281e+00,8.853527717292308807e-03
7.209264755249023438e+00,7.731784135103225708e-02
7.201892852783203125e+00,6.740147620439529419e-02
1.072137165069580078e+01,-3.644043922424316406e+00
1.072494792938232422e+01,-3.598792076110839844e+00
1.069428157806396484e+01,-3.606081724166870117e+00
1.071051311492919922e+01,-3.637609720230102539e+00
1.068804073333740234e+01,-3.608764886856079102e+00
1.075022602081298828e+01,-3.679433822631835938e+00
1.070928192138671875e+01,-3.643682241439819336e+00
1.075982475280761719e+01,-3.648893117904663086e+00
1.074607563018798828e+01,-3.652256488800048828e+00
1.068055534362792969e+01,-3.554263830184936523e+00
1.075218582153320312e+01,-3.652076244354248047e+00
1.069413089752197266e+01,-3.692277669906616211e+00
9.479050636291503906e+00,-1.909109115600585938e+00
9.367523193359375000e+00,-1.948050379753112793e+00
8.941548347473144531e+00,-1.555767655372619629e+00
9.684649467468261719e+00,-2.028563499450683594e+00
9.561165809631347656e+00,-1.896290063858032227e+00
9.261289596557617188e+00,-2.023384094238281250e+00
9.389352798461914062e+00,-2.022215843200683594e+00
9.557583808898925781e+00,-2.071501731872558594e+00
9.498620986938476562e+00,-1.879945993423461914e+00
9.316306114196777344e+00,-1.450653076171875000e+00
9.127629280090332031e+00,-1.091237425804138184e+00
9.251943588256835938e+00,-2.079834938049316406e+00
9.111762046813964844e+00,-2.032388687133789062e+00
8.887427330017089844e+00,-1.778629422187805176e+00
8.731575965881347656e+00,-1.819667458534240723e+00
9.075136184692382812e+00,-1.452309370040893555e+00
9.636533737182617188e+00,-2.018690347671508789e+00
8.850049972534179688e+00,-1.804905176162719727e+00
8.804965019226074219e+00,-1.705827116966247559e+00
9.442990303039550781e+00,-1.841296076774597168e+00
8.832960128784179688e+00,-1.720106244087219238e+00
9.172796249389648438e+00,-1.606088042259216309e+00
9.329653739929199219e+00,-1.617007255554199219e+00
8.969519615173339844e+00,-1.744793176651000977e+00
7.998247623443603516e+00,-1.273258447647094727e+00
7.752625942230224609e+00,-1.163013577461242676e+00
8.013978958129882812e+00,-1.389495611190795898e+00
7.940473079681396484e+00,-1.365955948829650879e+00
7.780663490295410156e+00,-1.227603793144226074e+00
8.133775711059570312e+00,-1.397414326667785645e+00
7.831627368927001953e+00,-1.274359941482543945e+00
8.184159278869628906e+00,-1.466576099395751953e+00
8.576539993286132812e+00,-1.841531515121459961e+00
7.723344802856445312e+00,-1.279626965522766113e+00
7.938665390014648438e+00,-1.278905510902404785e+00
8.594831466674804688e+00,-1.681830883026123047e+00
7.580806732177734375e+00,2.220655679702758789e+00
8.688894271850585938e+00,2.356252908706665039e+00
1.988578796386718750e+01,2.751833796501159668e-01
1.396352672576904297e+01,-3.621556043624877930e+00
7.534308433532714844e+00,6.114726543426513672e+00
7.071962356567382812e+00,2.121083498001098633e+00
1.410231590270996094e+01,-3.103317499160766602e+00
7.493254184722900391e+00,6.475442886352539062e+00
7.862091541290283203e+00,2.210817098617553711e+00
1.611024093627929688e+01,-7.258696556091308594e+00
5.576966285705566406e+00,3.568957090377807617e+00
5.313995838165283203e+00,5.539092540740966797e+00
1.236178016662597656e+01,2.300369977951049805e+00
1.243875122070312500e+01,1.800487160682678223e+00
1.237718963623046875e+01,2.472934722900390625e+00
1.232510089874267578e+01,2.324002981185913086e+00
1.248990821838378906e+01,2.154613018035888672e+00
1.260380554199218750e+01,2.354189872741699219e+00
1.222226238250732422e+01,2.351386785507202148e+00
1.231124305725097656e+01,2.317838191986083984e+00
1.230039691925048828e+01,2.637565851211547852e+00
1.218717670440673828e+01,2.269859075546264648e+00
1.213540840148925781e+01,2.143244743347167969e+00
1.231295490264892578e+01,2.616489648818969727e+00
1.319681072235107422e+01,1.754431486129760742e+00
1.287766647338867188e+01,1.694572687149047852e+00
1.326111602783203125e+01,1.582460165023803711e+00
1.344858932495117188e+01,1.748448014259338379e+00
1.334325790405273438e+01,1.604393601417541504e+00
1.339766120910644531e+01,1.687137842178344727e+00
1.345833492279052734e+01,1.910043239593505859e+00
1.316919612884521484e+01,1.877631902694702148e+00
1.322005748748779297e+01,1.831143856048583984e+00
1.344398689270019531e+01,1.583544969558715820e+00
1.355204486846923828e+01,1.742011547088623047e+00
1.309783172607421875e+01,1.490503668785095215e+00
1.271265316009521484e+01,1.254529595375061035e+00
1.293307018280029297e+01,1.335965633392333984e+00
1.307935333251953125e+01,1.363908529281616211e+00
1.282268905639648438e+01,1.201056718826293945e+00
1.296137428283691406e+01,1.197387456893920898e+00
1.308661651611328125e+01,1.380149841308593750e+00
1.306685924530029297e+01,1.730332612991333008e+00
1.289829349517822266e+01,1.385849237442016602e+00
1.274834442138671875e+01,1.395621538162231445e+00
1.298978805541992188e+01,1.305523753166198730e+00
1.294730091094970703e+01,1.203710079193115234e+00
1.301425743103027344e+01,1.351154685020446777e+00
8.888998985290527344e+00,-6.213498711585998535e-01
9.080806732177734375e+00,-1.447918295860290527e+00
9.500205039978027344e+00,-1.821022748947143555e+00
9.210892677307128906e+00,-1.237509012222290039e+00
8.946618080139160156e+00,-6.427538990974426270e-01
9.191073417663574219e+00,-1.245757102966308594e+00
9.033668518066406250e+00,-1.002597570419311523e+00
9.122447013854980469e+00,-1.032923817634582520e+00
9.181279182434082031e+00,-1.367772459983825684e+00
9.118268013000488281e+00,-1.338486552238464355e+00
8.819188117980957031e+00,-5.205832123756408691e-01
9.035199165344238281e+00,-1.056820750236511230e+00
8.180640220642089844e+00,6.188755109906196594e-02
8.096005439758300781e+00,-3.316551446914672852e-02
7.758601188659667969e+00,-4.786099195480346680e-01
8.716851234436035156e+00,-3.012733757495880127e-01
8.602641105651855469e+00,-2.358386516571044922e-01
8.156126022338867188e+00,1.179809868335723877e-01
8.119599342346191406e+00,1.253870278596878052e-01
8.550183296203613281e+00,-1.150258406996726990e-01
8.061771392822265625e+00,5.894917249679565430e-02
8.204224586486816406e+00,1.251490563154220581e-01
8.482722282409667969e+00,-2.932457439601421356e-02
8.117607116699218750e+00,8.766884356737136841e-02
3.938931941986083984e+00,1.157695865631103516e+01
4.547834873199462891e+00,1.055549621582031250e+01
3.492269515991210938e+00,1.178544235229492188e+01
6.948007106781005859e+00,2.849437952041625977e+00
8.937956809997558594e+00,4.755671977996826172e+00
1.292661952972412109e+01,1.013493251800537109e+01
1.286287117004394531e+01,1.002216625213623047e+01
6.306615352630615234e+00,-9.080194473266601562e+00
1.272870635986328125e+01,1.038143730163574219e+01
1.582338047027587891e+01,-1.392515182495117188e+00
7.489081382751464844e+00,3.349110603332519531e+00
1.686166572570800781e+01,-1.775601744651794434e+00
1.229173088073730469e+01,1.956580638885498047e+00
1.221361827850341797e+01,2.051837444305419922e+00
1.227643871307373047e+01,2.201585054397583008e+00
1.212053871154785156e+01,2.086273908615112305e+00
1.222442150115966797e+01,1.939900279045104980e+00
1.220082473754882812e+01,2.113043785095214844e+00
1.202073860168457031e+01,1.976719141006469727e+00
1.277683639526367188e+01,1.716889739036560059e+00
1.232173919677734375e+01,2.028344154357910156e+00
1.205409812927246094e+01,1.796606540679931641e+00
1.255637454986572266e+01,2.052901506423950195e+00
1.239064216613769531e+01,2.195711851119995117e+00
1.331449222564697266e+01,1.577692031860351562e+00
1.356427383422851562e+01,1.571726799011230469e+00
1.351414585113525391e+01,2.071975469589233398e+00
1.340312671661376953e+01,1.535685658454895020e+00
1.304365444183349609e+01,1.428240656852722168e+00
1.318940639495849609e+01,1.708480119705200195e+00
1.334383964538574219e+01,1.880500316619873047e+00
1.305094432830810547e+01,1.520773410797119141e+00
1.331937026977539062e+01,1.561043143272399902e+00
1.346006202697753906e+01,1.446598887443542480e+00
1.306255245208740234e+01,1.431977629661560059e+00
1.289308261871337891e+01,1.803126811981201172e+00
9.217311859130859375e+00,-1.126093745231628418e+00
9.141855239868164062e+00,-1.733982205390930176e+00
8.979632377624511719e+00,-1.395481228828430176e+00
9.578548431396484375e+00,-2.033682346343994141e+00
9.179793357849121094e+00,-1.346372842788696289e+00
9.011566162109375000e+00,-1.993291616439819336e+00
8.789751052856445312e+00,-1.981174707412719727e+00
9.306729316711425781e+00,-1.865804076194763184e+00
9.176136016845703125e+00,-1.760295391082763672e+00
9.276267051696777344e+00,-1.486519217491149902e+00
9.006613731384277344e+00,-7.406746745109558105e-01
9.054934501647949219e+00,-1.946319580078125000e+00
8.607505798339843750e+00,-1.384288787841796875e+00
8.488679885864257812e+00,-1.535374999046325684e+00
8.803281784057617188e+00,-1.591885209083557129e+00
9.217735290527343750e+00,-1.745703816413879395e+00
9.201473236083984375e+00,-1.816876173019409180e+00
8.753531455993652344e+00,-1.657257080078125000e+00
8.572006225585937500e+00,-1.884648442268371582e+00
8.599523544311523438e+00,-1.662053227424621582e+00
8.891181945800781250e+00,-1.459438204765319824e+00
9.318394660949707031e+00,-1.603432416915893555e+00
9.147626876831054688e+00,-1.519490599632263184e+00
8.588834762573242188e+00,-1.660083413124084473e+00
8.128791809082031250e+00,-1.359499335289001465e+00
7.901479244232177734e+00,-1.212111830711364746e+00
8.093407630920410156e+00,-1.360332846641540527e+00
7.919825553894042969e+00,-1.352817296981811523e+00
8.152800559997558594e+00,-1.386773467063903809e+00
7.988203048706054688e+00,-1.320078372955322266e+00
8.019378662109375000e+00,-1.352934718132019043e+00
8.519555091857910156e+00,-1.768819093704223633e+00
8.123666763305664062e+00,-1.363421201705932617e+00
7.886287212371826172e+00,-1.142729282379150391e+00
8.815241813659667969e+00,-1.768371701240539551e+00
8.178920745849609375e+00,-1.305422902107238770e+00
8.682600021362304688e+00,2.355684757232666016e+00
1.989230155944824219e+01,2.699597477912902832e-01
1.396028137207031250e+01,-3.618131160736083984e+00
7.534159183502197266e+00,6.112902641296386719e+00
7.075420379638671875e+00,2.129110813140869141e+00
1.411072444915771484e+01,-3.098581552505493164e+00
7.494940280914306641e+00,6.465387821197509766e+00
7.851844310760498047e+00,2.206556797027587891e+00
1.610778808593750000e+01,-7.262882709503173828e+00
5.577524185180664062e+00,3.566648721694946289e+00
5.313992023468017578e+00,5.539104938507080078e+00
7.584606170654296875e+00,2.217522859573364258e+00
1.231048583984375000e+01,2.274969577789306641e+00
1.226086425781250000e+01,2.478500843048095703e+00
1.240466690063476562e+01,2.523872852325439453e+00
1.222632789611816406e+01,2.237645864486694336e+00
1.254748058319091797e+01,2.263807296752929688e+00
1.228830432891845703e+01,2.496630668640136719e+00
1.225553035736083984e+01,2.500631093978881836e+00
1.227345466613769531e+01,2.582882404327392578e+00
1.217578601837158203e+01,2.552817106246948242e+00
1.202235507965087891e+01,2.233407020568847656e+00
1.225130176544189453e+01,2.438153266906738281e+00
1.237977313995361328e+01,2.429541110992431641e+00
1.334297370910644531e+01,1.813320159912109375e+00
1.319882488250732422e+01,2.052039384841918945e+00
1.343382358551025391e+01,1.389796972274780273e+00
1.362571334838867188e+01,1.881167054176330566e+00
1.359965610504150391e+01,1.766665220260620117e+00
1.346998405456542969e+01,1.758256077766418457e+00
1.351646137237548828e+01,2.051609277725219727e+00
1.339687252044677734e+01,2.111898422241210938e+00
1.331145477294921875e+01,1.825992345809936523e+00
1.360031414031982422e+01,1.620828509330749512e+00
1.318951416015625000e+01,1.685301065444946289e+00
1.339399337768554688e+01,1.951888322830200195e+00
1.294601440429687500e+01,1.821264863014221191e+00
1.318953990936279297e+01,1.980384588241577148e+00
1.341722774505615234e+01,1.475108265876770020e+00
1.349069213867187500e+01,1.960974335670471191e+00
1.345493221282958984e+01,1.515156745910644531e+00
1.330945587158203125e+01,1.578974008560180664e+00
1.335623645782470703e+01,2.184999942779541016e+00
1.322379684448242188e+01,1.914040446281433105e+00
1.337681198120117188e+01,1.684168577194213867e+00
1.334906005859375000e+01,1.643866062164306641e+00
1.334776115417480469e+01,1.429178237915039062e+00
1.322497558593750000e+01,1.760378718376159668e+00
9.042934417724609375e+00,-6.225289702415466309e-01
8.779714584350585938e+00,-7.132543325424194336e-01
9.169137954711914062e+00,-1.536917924880981445e+00
9.121653556823730469e+00,-2.156388044357299805e+00
8.995593070983886719e+00,-7.442539334297180176e-01
8.778138160705566406e+00,-4.160420000553131104e-01
8.626309394836425781e+00,-6.803268790245056152e-01
8.954014778137207031e+00,-7.832083106040954590e-01
9.261266708374023438e+00,-1.463753700256347656e+00
9.135032653808593750e+00,-1.119183659553527832e+00
8.943082809448242188e+00,-6.807717084884643555e-01
8.639322280883789062e+00,-1.712135970592498779e-01
8.361402511596679688e+00,-4.807769879698753357e-02
8.039903640747070312e+00,-1.991065777838230133e-02
7.897937774658203125e+00,-3.196583688259124756e-01
8.174277305603027344e+00,-3.378051817417144775e-01
8.713850021362304688e+00,-3.437596261501312256e-01
8.471302986145019531e+00,-9.181754291057586670e-02
7.972433567047119141e+00,2.140298336744308472e-01
8.184808731079101562e+00,3.946076333522796631e-02
8.436859130859375000e+00,-2.207648009061813354e-01
8.163101196289062500e+00,9.494829922914505005e-03
8.362697601318359375e+00,1.128628104925155640e-02
8.390008926391601562e+00,6.721054762601852417e-02
1.685935974121093750e+01,-1.775148749351501465e+00
3.934655189514160156e+00,1.157984638214111328e+01
4.549907207489013672e+00,1.055311489105224609e+01
3.485686540603637695e+00,1.178873634338378906e+01
6.955718517303466797e+00,2.834631919860839844e+00
8.937253952026367188e+00,4.756432533264160156e+00
1.291553306579589844e+01,1.012807464599609375e+01
1.286953067779541016e+01,1.004757690429687500e+01
6.305563926696777344e+00,-9.081399917602539062e+00
1.271840572357177734e+01,1.039672470092773438e+01
1.581808185577392578e+01,-1.393975973129272461e+00
7.489804744720458984e+00,3.359336137771606445e+00
1.218292903900146484e+01,2.017652750015258789e+00
1.207811927795410156e+01,1.981459140777587891e+00
1.230851745605468750e+01,2.217634439468383789e+00
1.212852764129638672e+01,2.320824384689331055e+00
1.191303539276123047e+01,1.892135143280029297e+00
1.219311714172363281e+01,1.930348277091979980e+00
1.199334049224853516e+01,2.083321571350097656e+00
1.195873928070068359e+01,1.922402977943420410e+00
1.318534755706787109e+01,1.598662734031677246e+00
1.192792034149169922e+01,1.957955002784729004e+00
1.201131153106689453e+01,1.835804224014282227e+00
1.263659572601318359e+01,2.017199277877807617e+00
1.315323543548583984e+01,1.786452531814575195e+00
1.334962940216064453e+01,1.764953970909118652e+00
1.360805225372314453e+01,1.837825417518615723e+00
1.347841835021972656e+01,2.009675025939941406e+00
1.336764812469482422e+01,1.451125383377075195e+00
1.340371704101562500e+01,1.662427067756652832e+00
1.311386489868164062e+01,2.028449535369873047e+00
1.332594394683837891e+01,1.939156413078308105e+00
1.341077709197998047e+01,1.532050371170043945e+00
1.337389087677001953e+01,1.634278297424316406e+00
1.330364799499511719e+01,1.435835003852844238e+00
1.330464267730712891e+01,1.767721652984619141e+00
8.672142982482910156e+00,-1.973516941070556641e-01
9.002069473266601562e+00,-2.219513416290283203e+00
8.645212173461914062e+00,-1.998675942420959473e+00
9.166913986206054688e+00,-2.443953275680541992e+00
8.861448287963867188e+00,-1.930551171302795410e+00
8.956956863403320312e+00,-2.003389358520507812e+00
8.458118438720703125e+00,-1.532010674476623535e+00
9.122879981994628906e+00,-2.120689868927001953e+00
9.309130668640136719e+00,-2.220505714416503906e+00
9.249052047729492188e+00,-1.728814005851745605e+00
8.798702239990234375e+00,-1.847864866256713867e+00
9.148287773132324219e+00,-1.879606962203979492e+00
8.541894912719726562e+00,-1.355499744415283203e+00
8.233323097229003906e+00,-1.439631462097167969e+00
8.428638458251953125e+00,-1.724987506866455078e+00
8.877708435058593750e+00,-2.328086853027343750e+00
8.542554855346679688e+00,-1.726081609725952148e+00
8.464134216308593750e+00,-1.525414347648620605e+00
8.539399147033691406e+00,-1.823091864585876465e+00
8.767154693603515625e+00,-1.477807402610778809e+00
8.998139381408691406e+00,-2.052228927612304688e+00
9.291563034057617188e+00,-1.664843916893005371e+00
8.951582908630371094e+00,-2.034178018569946289e+00
8.550042152404785156e+00,-1.489862680435180664e+00
7.754979610443115234e+00,-1.157011866569519043e+00
7.881968975067138672e+00,-1.276107311248779297e+00
7.930006980895996094e+00,-1.351709127426147461e+00
7.868929386138916016e+00,-1.359018206596374512e+00
7.944715023040771484e+00,-1.323680043220520020e+00
7.998729705810546875e+00,-1.291984915733337402e+00
8.363807678222656250e+00,-1.640330910682678223e+00
8.206114768981933594e+00,-1.460267186164855957e+00
7.860167980194091797e+00,-1.200473546981811523e+00
8.096837043762207031e+00,-1.255937337875366211e+00
8.273977279663085938e+00,-1.401372313499450684e+00
8.383931159973144531e+00,-1.483218908309936523e+00
1.987486457824707031e+01,2.846025228500366211e-01
1.396021938323974609e+01,-3.618742227554321289e+00
7.534561634063720703e+00,6.114633083343505859e+00
7.041895389556884766e+00,2.126705408096313477e+00
1.409620094299316406e+01,-3.101819038391113281e+00
7.494657993316650391e+00,6.472125053405761719e+00
7.866389274597167969e+00,2.205574512481689453e+00
1.610519981384277344e+01,-7.265200138092041016e+00
5.582682609558105469e+00,3.564003229141235352e+00
5.316240310668945312e+00,5.541879653930664062e+00
7.577793121337890625e+00,2.222692966461181641e+00
8.679425239562988281e+00,2.365057945251464844e+00
1.219329929351806641e+01,2.459637403488159180e+00
1.224366855621337891e+01,2.649754524230957031e+00
1.228391265869140625e+01,2.453978061676025391e+00
1.241078376770019531e+01,2.295534610748291016e+00
1.226343345642089844e+01,2.487945556640625000e+00
1.231294345855712891e+01,2.440724611282348633e+00
1.222668457031250000e+01,2.359336614608764648e+00
1.228348350524902344e+01,2.612712144851684570e+00
1.218256855010986328e+01,2.444528341293334961e+00
1.207269763946533203e+01,2.263839483261108398e+00
1.225752925872802734e+01,2.423143625259399414e+00
1.223221015930175781e+01,2.585536479949951172e+00
1.306186103820800781e+01,1.860734343528747559e+00
1.313766670227050781e+01,1.955414891242980957e+00
1.361747074127197266e+01,1.870593070983886719e+00
1.344749164581298828e+01,2.024623155593872070e+00
1.359469509124755859e+01,1.842895150184631348e+00
1.353071594238281250e+01,1.857242703437805176e+00
1.338169002532958984e+01,2.192354440689086914e+00
1.321385574340820312e+01,2.047489643096923828e+00
1.353969764709472656e+01,1.707931637763977051e+00
1.323497676849365234e+01,1.517893910408020020e+00
1.352075958251953125e+01,1.765188455581665039e+00
1.335893535614013672e+01,2.123564958572387695e+00
1.317008018493652344e+01,1.721794128417968750e+00
1.309078979492187500e+01,1.919078588485717773e+00
1.360072135925292969e+01,1.828368902206420898e+00
1.343799591064453125e+01,1.993408441543579102e+00
1.362802314758300781e+01,1.838993310928344727e+00
1.341770458221435547e+01,1.580852150917053223e+00
1.336486244201660156e+01,2.156773567199707031e+00
1.322524452209472656e+01,1.941209077835083008e+00
1.357457637786865234e+01,1.644301176071166992e+00
1.346240425109863281e+01,1.558775424957275391e+00
1.357145214080810547e+01,1.656619548797607422e+00
1.334819316864013672e+01,1.926944732666015625e+00
8.963959693908691406e+00,-5.306903123855590820e-01
8.530819892883300781e+00,-2.858308553695678711e-01
8.950222015380859375e+00,-1.740067481994628906e+00
9.113733291625976562e+00,-2.449812412261962891e+00
9.024502754211425781e+00,-1.945159912109375000e+00
8.707845687866210938e+00,-3.981328606605529785e-01
8.635446548461914062e+00,-8.206452727317810059e-01
8.296388626098632812e+00,-9.527868032455444336e-02
8.417339324951171875e+00,-6.380882263183593750e-01
8.994334220886230469e+00,-2.286498546600341797e+00
8.503909111022949219e+00,-5.826634168624877930e-01
8.513038635253906250e+00,-2.693361043930053711e-01
8.602789878845214844e+00,-3.280526101589202881e-01
8.451408386230468750e+00,-1.205778941512107849e-01
7.966766357421875000e+00,-1.438912749290466309e-01
7.640034675598144531e+00,-6.605879664421081543e-01
8.317317962646484375e+00,-3.997822105884552002e-01
8.653362274169921875e+00,-2.426152080297470093e-01
8.102117538452148438e+00,1.463035047054290771e-01
8.168828010559082031e+00,6.831976771354675293e-02
8.153171539306640625e+00,-5.863841623067855835e-02
8.150846481323242188e+00,-1.224760338664054871e-01
8.179655075073242188e+00,5.204442888498306274e-02
8.208013534545898438e+00,1.538356691598892212e-01
7.488865375518798828e+00,3.364513874053955078e+00
1.686273765563964844e+01,-1.776526570320129395e+00
3.942974328994750977e+00,1.157240009307861328e+01
4.548735618591308594e+00,1.055498981475830078e+01
3.484286785125732422e+00,1.178916835784912109e+01
6.967240810394287109e+00,2.831264019012451172e+00
8.937300682067871094e+00,4.754945278167724609e+00
1.291667366027832031e+01,1.012748241424560547e+01
1.286977291107177734e+01,1.004859924316406250e+01
6.306092739105224609e+00,-9.081001281738281250e+00
1.272849559783935547e+01,1.038057231903076172e+01
1.582173633575439453e+01,-1.391794323921203613e+00
1.212586593627929688e+01,2.080676078796386719e+00
1.186879825592041016e+01,1.922762632369995117e+00
1.213974857330322266e+01,2.113948345184326172e+00
1.218473529815673828e+01,2.394288539886474609e+00
1.198156261444091797e+01,1.925305962562561035e+00
1.183959484100341797e+01,1.786483168601989746e+00
1.209677696228027344e+01,2.066146850585937500e+00
1.189559936523437500e+01,1.924744725227355957e+00
1.200126934051513672e+01,1.867048740386962891e+00
1.230575847625732422e+01,2.151454448699951172e+00
1.203846454620361328e+01,1.886855483055114746e+00
1.205580711364746094e+01,1.799045443534851074e+00
1.324250888824462891e+01,1.547668576240539551e+00
1.308449459075927734e+01,1.886071681976318359e+00
1.361050796508789062e+01,1.767286062240600586e+00
1.332186031341552734e+01,1.961501955986022949e+00
1.359659099578857422e+01,1.803785085678100586e+00
1.339909172058105469e+01,1.630416154861450195e+00
1.305888938903808594e+01,2.085491657257080078e+00
1.298472499847412109e+01,1.947344064712524414e+00
1.357753181457519531e+01,1.629241824150085449e+00
1.347078418731689453e+01,1.537817120552062988e+00
1.353206825256347656e+01,1.598122477531433105e+00
1.340320491790771484e+01,1.648968219757080078e+00
1.003871822357177734e+01,-3.003834009170532227e+00
1.402673912048339844e+01,-3.112115621566772461e+00
1.007554912567138672e+01,-2.973724365234375000e+00
1.007451343536376953e+01,-3.480398416519165039e+00
1.017755222320556641e+01,-3.354130983352661133e+00
9.756464958190917969e+00,-3.149873495101928711e+00
1.042905616760253906e+01,-3.893250465393066406e+00
8.599667549133300781e+00,-1.830123543739318848e+00
1.022227478027343750e+01,-2.982228994369506836e+00
9.986474037170410156e+00,-3.468712568283081055e+00
1.131493568420410156e+01,-3.192999601364135742e+00
8.978616714477539062e+00,-2.582862377166748047e+00
9.361186027526855469e+00,-2.516240358352661133e+00
1.231303310394287109e+01,-3.246693313121795654e-02
9.700975418090820312e+00,-2.778877019882202148e+00
1.005624675750732422e+01,-3.100131511688232422e+00
1.144432735443115234e+01,-3.400372743606567383e+00
9.307365417480468750e+00,-2.416168928146362305e+00
1.140674972534179688e+01,-3.683932542800903320e+00
9.834357261657714844e+00,-3.313942193984985352e+00
1.131086254119873047e+01,-3.263551235198974609e+00
1.141653537750244141e+01,-3.156030893325805664e+00
9.806506156921386719e+00,-2.737849235534667969e+00
1.134522247314453125e+01,-3.391805887222290039e+00
1.168265438079833984e+01,-3.045481681823730469e+00
1.104201030731201172e+01,-3.649561405181884766e+00
1.181784152984619141e+01,-3.473221778869628906e+00
1.150454139709472656e+01,-2.882294416427612305e+00
9.620543479919433594e+00,-2.610269308090209961e+00
9.801355361938476562e+00,-2.561892271041870117e+00
1.157635784149169922e+01,-3.464413404464721680e+00
9.476469039916992188e+00,-2.181470870971679688e+00
9.503126144409179688e+00,-2.491417884826660156e+00
8.851457595825195312e+00,-3.062520265579223633e+00
1.223268985748291016e+01,2.149236440658569336e+00
1.158676147460937500e+01,-3.122688293457031250e+00
9.295700073242187500e+00,-2.478747844696044922e+00
8.885858535766601562e+00,-1.935355544090270996e+00
9.633523941040039062e+00,-2.787497282028198242e+00
1.168427658081054688e+01,-3.677931547164916992e+00
1.174958038330078125e+01,-3.322256565093994141e+00
1.192909049987792969e+01,-3.375997066497802734e+00
9.412483215332031250e+00,-2.886661052703857422e+00
1.126143932342529297e+01,-2.798830270767211914e+00
9.517641067504882812e+00,-2.836920022964477539e+00
1.251615905761718750e+01,1.210193753242492676e+00
9.957007408142089844e+00,-3.092433929443359375e+00
9.758749961853027344e+00,-3.133226633071899414e+00
1.198394203186035156e+01,-1.930018186569213867e+00
1.075805377960205078e+01,-3.830089569091796875e+00
9.787910461425781250e+00,-2.107052803039550781e+00
9.183571815490722656e+00,-1.782455325126647949e+00
1.095590591430664062e+01,-3.208239793777465820e+00
9.039649963378906250e+00,-2.592142343521118164e+00
9.542154312133789062e+00,-2.676273584365844727e+00
9.500112533569335938e+00,-2.917412996292114258e+00
1.334522056579589844e+01,1.602150321006774902e+00
9.713218688964843750e+00,-3.233394145965576172e+00
9.216220855712890625e+00,-3.089745521545410156e+00
1.063566589355468750e+01,-3.037105321884155273e+00
1.183624076843261719e+01,-2.216417551040649414e+00
1.108122444152832031e+01,-3.716949224472045898e+00
9.091779708862304688e+00,-2.796501159667968750e+00
9.620141983032226562e+00,-2.749467611312866211e+00
9.312835693359375000e+00,-2.653140306472778320e+00
1.000230407714843750e+01,-3.112804412841796875e+00
9.871230125427246094e+00,-2.731040477752685547e+00
1.380919551849365234e+01,-3.566051959991455078e+00
9.923663139343261719e+00,-2.931730985641479492e+00
9.616616249084472656e+00,-2.397423505783081055e+00
1.152779960632324219e+01,-3.614324808120727539e+00
9.409342765808105469e+00,-2.598717689514160156e+00
9.085125923156738281e+00,-2.762181282043457031e+00
9.977236747741699219e+00,-2.848811864852905273e+00
9.926176071166992188e+00,-3.657849788665771484e+00
9.433426856994628906e+00,-2.446424484252929688e+00
1.120302581787109375e+01,-1.740708947181701660e+00
1.178553771972656250e+01,-2.713518142700195312e+00
9.781637191772460938e+00,-3.250814199447631836e+00
9.501996994018554688e+00,-2.047434568405151367e+00
9.264225006103515625e+00,-2.701950311660766602e+00
1.122012233734130859e+01,-3.460541725158691406e+00
9.966183662414550781e+00,-2.756092071533203125e+00
9.709267616271972656e+00,-3.195843219757080078e+00
1.071636199951171875e+01,-3.112706899642944336e+00
1.003705501556396484e+01,-3.437266349792480469e+00
9.994865417480468750e+00,-3.045858860015869141e+00
1.039209175109863281e+01,-3.778502464294433594e+00
1.001510715484619141e+01,-3.128529310226440430e+00
9.549527168273925781e+00,-2.969039916992187500e+00
9.435624122619628906e+00,-2.579513311386108398e+00
1.148822784423828125e+01,-3.611492156982421875e+00
1.089240455627441406e+01,-3.549160480499267578e+00
9.478367805480957031e+00,-2.601615905761718750e+00
9.699638366699218750e+00,-2.258002996444702148e+00
9.277047157287597656e+00,-3.039214611053466797e+00
9.155077934265136719e+00,-2.557611227035522461e+00
1.187571048736572266e+01,-2.174820899963378906e+00
9.536295890808105469e+00,-2.949911117553710938e+00
1.108650970458984375e+01,-3.672585010528564453e+00
8.083143234252929688e+00,-2.843419790267944336e+00
8.067869186401367188e+00,-2.864911317825317383e+00
8.130313873291015625e+00,-2.820914030075073242e+00
8.026662826538085938e+00,-2.407122373580932617e+00
8.300086021423339844e+00,-3.723116636276245117e+00
8.348694801330566406e+00,-3.845027923583984375e+00
8.373605728149414062e+00,-3.853783607482910156e+00
8.366880416870117188e+00,-3.777821540832519531e+00
8.233345031738281250e+00,-3.742279529571533203e+00
8.006966590881347656e+00,-2.373144388198852539e+00
8.117931365966796875e+00,-2.812459945678710938e+00
8.164792060852050781e+00,-2.850479602813720703e+00
7.533107757568359375e+00,-2.664781570434570312e+00
7.083044528961181641e+00,-2.424005508422851562e+00
7.050714015960693359e+00,-2.336199760437011719e+00
1.088249397277832031e+01,2.574541091918945312e+00
7.223295211791992188e+00,-1.986712694168090820e+00
7.720595836639404297e+00,-2.623922109603881836e+00
7.768910408020019531e+00,-2.829605340957641602e+00
7.889828205108642578e+00,-2.776710987091064453e+00
7.860257148742675781e+00,-2.925686120986938477e+00
1.144730281829833984e+01,-2.884439229965209961e+00
8.130957603454589844e+00,-3.129225015640258789e+00
7.694131374359130859e+00,-2.802667617797851562e+00
6.369689941406250000e+00,-2.535045146942138672e+00
6.425103664398193359e+00,-2.453399181365966797e+00
6.721772193908691406e+00,-2.298435211181640625e+00
6.779321193695068359e+00,-1.638630151748657227e+00
6.658641815185546875e+00,-2.071785926818847656e+00
6.608866214752197266e+00,-2.289722919464111328e+00
6.566845893859863281e+00,-2.282307863235473633e+00
6.783728599548339844e+00,-2.447669506072998047e+00
8.254749298095703125e+00,-2.820393323898315430e+00
1.200617218017578125e+01,-2.708946704864501953e+00
7.322431087493896484e+00,-3.008827209472656250e+00
7.019049644470214844e+00,-2.926038980484008789e+00
4.815659046173095703e+00,-2.630937814712524414e+00
4.655176639556884766e+00,-2.573331832885742188e+00
5.179547309875488281e+00,-2.487640857696533203e+00
8.857782363891601562e+00,-2.882573604583740234e+00
5.900083541870117188e+00,-3.125187635421752930e+00
5.592647075653076172e+00,-3.398452281951904297e+00
5.441150665283203125e+00,-3.491796493530273438e+00
4.408324241638183594e+00,-3.658847570419311523e+00
4.992343425750732422e+00,-3.213085651397705078e+00
8.707942962646484375e+00,-2.890027999877929688e+00
5.411275386810302734e+00,-2.731737375259399414e+00
5.060852527618408203e+00,-2.822987556457519531e+00
6.929702758789062500e+00,-3.013016939163208008e+00
8.384188652038574219e+00,-3.325852632522583008e+00
8.548169136047363281e+00,-3.283106088638305664e+00
1.203842926025390625e+01,-2.707144260406494141e+00
7.491822719573974609e+00,-3.308054685592651367e+00
7.219606876373291016e+00,-3.445935249328613281e+00
6.819821834564208984e+00,-3.207381963729858398e+00
7.079753875732421875e+00,-3.133818387985229492e+00
7.063949108123779297e+00,-2.782197952270507812e+00
6.774081707000732422e+00,-1.574683189392089844e+00
7.126843452453613281e+00,-3.076452732086181641e+00
6.816389083862304688e+00,-3.116536617279052734e+00
8.115113258361816406e+00,-3.405393362045288086e+00
8.262821197509765625e+00,-3.373451709747314453e+00
8.351833343505859375e+00,-3.283888578414916992e+00
1.144948768615722656e+01,-2.841012716293334961e+00
8.479372978210449219e+00,-3.400639295578002930e+00
8.198950767517089844e+00,-3.466637611389160156e+00
8.243455886840820312e+00,-3.440073013305664062e+00
8.279502868652343750e+00,-3.349930047988891602e+00
7.224345207214355469e+00,-2.090161085128784180e+00
1.088148784637451172e+01,2.564262866973876953e+00
7.223904132843017578e+00,-2.975739479064941406e+00
7.430445671081542969e+00,-3.194313049316406250e+00
7.939577102661132812e+00,-3.278284072875976562e+00
7.878901958465576172e+00,-3.241642713546752930e+00
7.865218639373779297e+00,-3.300113439559936523e+00
7.757863998413085938e+00,-2.337056875228881836e+00
8.359689712524414062e+00,-3.756468296051025391e+00
8.380194664001464844e+00,-3.816478013992309570e+00
8.405295372009277344e+00,-3.915747880935668945e+00
8.353160858154296875e+00,-3.845677375793457031e+00
8.322209358215332031e+00,-3.815633773803710938e+00
8.231385231018066406e+00,-2.478189945220947266e+00
7.912286281585693359e+00,-3.227399110794067383e+00
7.883073329925537109e+00,-3.252024412155151367e+00
8.291270256042480469e+00,-3.479966163635253906e+00
8.361590385437011719e+00,-3.430889606475830078e+00
8.373925209045410156e+00,-3.445487976074218750e+00
1.146372509002685547e+01,-2.841408729553222656e+00
8.316907882690429688e+00,-3.472050905227661133e+00
8.405228614807128906e+00,-3.519881486892700195e+00
8.403982162475585938e+00,-3.468112468719482422e+00
8.173203468322753906e+00,-3.168733119964599609e+00
7.849904537200927734e+00,-2.888444662094116211e+00
1.088443374633789062e+01,2.560094118118286133e+00
7.589591979980468750e+00,-2.349804639816284180e+00
7.923933029174804688e+00,-2.633843183517456055e+00
7.121598243713378906e+00,-3.572848558425903320e+00
7.406276702880859375e+00,-3.845787525177001953e+00
7.829858303070068359e+00,-3.779073476791381836e+00
1.200599288940429688e+01,-2.675602197647094727e+00
7.128881454467773438e+00,-3.484347105026245117e+00
7.000737667083740234e+00,-3.370507240295410156e+00
6.963057041168212891e+00,-3.383896350860595703e+00
7.148523807525634766e+00,-3.432268619537353516e+00
7.024338245391845703e+00,-1.866411209106445312e+00
6.718058586120605469e+00,-1.670275688171386719e+00
6.894976615905761719e+00,-1.969718456268310547e+00
7.065849304199218750e+00,-3.474828720092773438e+00
6.442645549774169922e+00,-4.595522403717041016e+00
6.638520240783691406e+00,-4.774143695831298828e+00
6.929740905761718750e+00,-4.468010902404785156e+00
8.830580711364746094e+00,-2.827528953552246094e+00
5.713264942169189453e+00,-4.746743679046630859e+00
5.463326930999755859e+00,-4.470998287200927734e+00
5.733160495758056641e+00,-3.903234720230102539e+00
6.138713836669921875e+00,-3.834858417510986328e+00
6.558538436889648438e+00,-4.082730770111083984e+00
8.663929939270019531e+00,-2.954894065856933594e+00
6.326960086822509766e+00,-4.920764446258544922e+00
6.151324748992919922e+00,-4.574980258941650391e+00
6.879424095153808594e+00,-2.378174066543579102e+00
6.850294589996337891e+00,-2.367595672607421875e+00
6.958765029907226562e+00,-2.177448749542236328e+00
6.753688335418701172e+00,-1.678696990013122559e+00
6.870241165161132812e+00,-2.149976491928100586e+00
6.900784492492675781e+00,-2.362597465515136719e+00
6.813631534576416016e+00,-2.395450592041015625e+00
6.967141151428222656e+00,-2.501874685287475586e+00
8.385239601135253906e+00,-2.824874401092529297e+00
1.201150226593017578e+01,-2.681505203247070312e+00
7.652328491210937500e+00,-2.838789939880371094e+00
7.336842536926269531e+00,-2.734828710556030273e+00
7.732583522796630859e+00,-2.644352436065673828e+00
7.380127906799316406e+00,-2.361113309860229492e+00
6.916988372802734375e+00,-2.081344842910766602e+00
1.088416481018066406e+01,2.524365425109863281e+00
7.743995666503906250e+00,-2.816508531570434570e+00
7.780920982360839844e+00,-2.843901872634887695e+00
7.807904720306396484e+00,-2.726746559143066406e+00
7.807109355926513672e+00,-2.702049732208251953e+00
7.837627887725830078e+00,-2.736707210540771484e+00
1.149293804168701172e+01,-2.870490550994873047e+00
7.949927330017089844e+00,-2.737905263900756836e+00
7.748907566070556641e+00,-2.685438632965087891e+00
8.079445838928222656e+00,-2.947803497314453125e+00
8.128511428833007812e+00,-3.251470088958740234e+00
7.877660751342773438e+00,-3.372629165649414062e+00
6.338001728057861328e+00,-3.773996591567993164e+00
8.540289878845214844e+00,-2.603091716766357422e+00
1.139669227600097656e+01,-2.661235094070434570e+00
1.158271789550781250e+01,-2.675591230392456055e+00
8.572363853454589844e+00,-3.457798242568969727e+00
8.760633468627929688e+00,-2.694287776947021484e+00
5.937543869018554688e+00,-3.140691041946411133e+00
7.297541141510009766e+00,-2.489844083786010742e+00
7.734149456024169922e+00,-2.883620738983154297e+00
7.317654132843017578e+00,-2.780521631240844727e+00
7.395072937011718750e+00,-2.866074323654174805e+00
7.794295787811279297e+00,-2.809610843658447266e+00
1.092427253723144531e+01,2.567344665527343750e+00
6.868017673492431641e+00,-1.743576765060424805e+00
7.811970710754394531e+00,-2.802617311477661133e+00
7.923175334930419922e+00,-2.911492109298706055e+00
1.175842857360839844e+01,-2.707571506500244141e+00
1.155584335327148438e+01,-2.734938144683837891e+00
6.075354099273681641e+00,-3.096032381057739258e+00
6.788983821868896484e+00,-2.893877983093261719e+00
7.329556465148925781e+00,-2.635159492492675781e+00
6.513909816741943359e+00,-2.519719839096069336e+00
7.180715084075927734e+00,-2.734924316406250000e+00
7.303320407867431641e+00,-1.822101473808288574e+00
6.674321174621582031e+00,-1.736978530883789062e+00
6.667013168334960938e+00,-1.985572218894958496e+00
6.553206443786621094e+00,-2.181312084197998047e+00
6.874257087707519531e+00,-2.333983898162841797e+00
8.429466247558593750e+00,-2.962687969207763672e+00
1.162166976928710938e+01,-2.839463233947753906e+00
5.960885524749755859e+00,-3.030666589736938477e+00
6.376006126403808594e+00,-2.891735553741455078e+00
6.381301403045654297e+00,-2.590388059616088867e+00
4.691360950469970703e+00,-2.585196018218994141e+00
5.201609611511230469e+00,-2.479065895080566406e+00
8.922615051269531250e+00,-2.903635740280151367e+00
5.911306381225585938e+00,-3.114141225814819336e+00
5.614840984344482422e+00,-3.410929918289184570e+00
5.457725524902343750e+00,-3.472621440887451172e+00
4.411773204803466797e+00,-3.660529851913452148e+00
4.995324611663818359e+00,-3.201853990554809570e+00
8.796474456787109375e+00,-2.931279897689819336e+00
5.399163722991943359e+00,-2.724240064620971680e+00
5.072650909423828125e+00,-2.819580793380737305e+00
4.804553031921386719e+00,-2.605354547500610352e+00
8.349368095397949219e+00,-3.079326868057250977e+00
8.501749992370605469e+00,-3.265694856643676758e+00
1.164441585540771484e+01,-2.772410154342651367e+00
5.993563175201416016e+00,-3.037533760070800781e+00
6.728176116943359375e+00,-3.377039432525634766e+00
6.803391456604003906e+00,-3.258910179138183594e+00
7.254850864410400391e+00,-3.235036134719848633e+00
7.690309047698974609e+00,-3.438186883926391602e+00
7.245315074920654297e+00,-2.071531057357788086e+00
6.662906169891357422e+00,-1.603545904159545898e+00
6.694246768951416016e+00,-2.388027906417846680e+00
6.882318019866943359e+00,-3.028188943862915039e+00
8.473007202148437500e+00,-3.085501194000244141e+00
1.178861999511718750e+01,-2.556571722030639648e+00
1.148727703094482422e+01,-2.663226127624511719e+00
5.721030712127685547e+00,-2.886989116668701172e+00
7.084792137145996094e+00,-3.320498704910278320e+00
7.663898468017578125e+00,-3.550256490707397461e+00
8.103784561157226562e+00,-3.467524051666259766e+00
8.099294662475585938e+00,-3.688525199890136719e+00
6.934924125671386719e+00,-2.071865797042846680e+00
1.088265991210937500e+01,2.571508884429931641e+00
7.255652904510498047e+00,-2.252685308456420898e+00
8.517051696777343750e+00,-2.934935808181762695e+00
1.131950855255126953e+01,-2.827998399734497070e+00
8.309581756591796875e+00,-2.981251478195190430e+00
8.293804168701171875e+00,-2.637240409851074219e+00
6.345050334930419922e+00,-2.226628780364990234e+00
7.526925563812255859e+00,-3.378187656402587891e+00
7.821721553802490234e+00,-3.570419549942016602e+00
8.168981552124023438e+00,-3.734873771667480469e+00
7.754183769226074219e+00,-2.954165935516357422e+00
7.360246181488037109e+00,-2.522341489791870117e+00
6.472795963287353516e+00,-4.247301101684570312e+00
8.518337249755859375e+00,-2.662806510925292969e+00
8.765157699584960938e+00,-3.295355081558227539e+00
8.168310165405273438e+00,-3.421871185302734375e+00
8.010181427001953125e+00,-3.388840436935424805e+00
7.464170932769775391e+00,-3.715399742126464844e+00
6.739570617675781250e+00,-3.977644205093383789e+00
1.149077892303466797e+01,-2.820990562438964844e+00
1.171099090576171875e+01,-2.636270523071289062e+00
8.530302047729492188e+00,-3.477827072143554688e+00
8.274310111999511719e+00,-2.977620601654052734e+00
6.758771896362304688e+00,-1.757812857627868652e+00
1.090928173065185547e+01,2.585024118423461914e+00
7.200505256652832031e+00,-2.060650348663330078e+00
8.116709709167480469e+00,-3.251675128936767578e+00
7.159032821655273438e+00,-3.476372480392456055e+00
7.145956993103027344e+00,-3.665732145309448242e+00
7.066605091094970703e+00,-3.985897064208984375e+00
6.910546302795410156e+00,-4.077332019805908203e+00
1.163010787963867188e+01,-2.855442047119140625e+00
8.523374557495117188e+00,-3.163499832153320312e+00
7.031679630279541016e+00,-3.192898988723754883e+00
6.895153999328613281e+00,-3.193187475204467773e+00
7.087148666381835938e+00,-2.113833189010620117e+00
6.710735797882080078e+00,-1.673240780830383301e+00
7.134318351745605469e+00,-1.624637603759765625e+00
7.944275856018066406e+00,-3.194053888320922852e+00
6.202455520629882812e+00,-4.581487178802490234e+00
6.410495758056640625e+00,-4.576210975646972656e+00
6.641326904296875000e+00,-4.764494419097900391e+00
6.915782451629638672e+00,-4.468893051147460938e+00
9.019297599792480469e+00,-2.905035257339477539e+00
5.716670989990234375e+00,-4.744998931884765625e+00
5.464490890502929688e+00,-4.480470180511474609e+00
5.736060619354248047e+00,-3.901905775070190430e+00
6.135365962982177734e+00,-3.829736471176147461e+00
6.567084312438964844e+00,-4.043366432189941406e+00
8.654101371765136719e+00,-2.928554058074951172e+00
6.309383392333984375e+00,-4.945991516113281250e+00
7.326765537261962891e+00,-2.567038774490356445e+00
6.799135684967041016e+00,-2.235764265060424805e+00
6.738581180572509766e+00,-2.231120347976684570e+00
6.858339309692382812e+00,-1.904191851615905762e+00
7.079232215881347656e+00,-1.828771829605102539e+00
7.340027809143066406e+00,-2.501898527145385742e+00
7.027332305908203125e+00,-2.498727321624755859e+00
6.774994373321533203e+00,-2.463625431060791016e+00
6.804922580718994141e+00,-2.746843814849853516e+00
6.821042537689208984e+00,-4.066455364227294922e+00
1.165323638916015625e+01,-2.751352787017822266e+00
7.957707405090332031e+00,-2.797346353530883789e+00
8.286403656005859375e+00,-2.942251443862915039e+00
7.887314319610595703e+00,-2.686347484588623047e+00
6.855013847351074219e+00,-1.985803484916687012e+00
1.086179256439208984e+01,2.511051654815673828e+00
7.352823257446289062e+00,-2.910101890563964844e+00
7.870578289031982422e+00,-3.184354782104492188e+00
7.694498538970947266e+00,-2.651680707931518555e+00
7.516778469085693359e+00,-2.624174118041992188e+00
6.915793895721435547e+00,-2.556203842163085938e+00
6.905098438262939453e+00,-4.109111309051513672e+00
1.147997379302978516e+01,-2.622625350952148438e+00
1.183560466766357422e+01,-2.577107667922973633e+00
8.295531272888183594e+00,-3.822357177734375000e+00
8.256910324096679688e+00,-3.340482711791992188e+00
7.179058551788330078e+00,-3.500850677490234375e+00
5.979394912719726562e+00,-3.791383266448974609e+00
6.891903400421142578e+00,-2.157777786254882812e+00
8.642397880554199219e+00,-2.971099376678466797e+00
1.192640209197998047e+01,-2.498033523559570312e+00
8.816029548645019531e+00,-3.161394119262695312e+00
7.537341117858886719e+00,-2.208225250244140625e+00
5.600488185882568359e+00,-3.395127534866333008e+00
6.840994358062744141e+00,-2.361176967620849609e+00
7.729830741882324219e+00,-2.816759586334228516e+00
7.669076919555664062e+00,-2.951550006866455078e+00
8.027198791503906250e+00,-3.442816019058227539e+00
6.961740970611572266e+00,-1.967696666717529297e+00
1.091688632965087891e+01,2.532467603683471680e+00
6.770628929138183594e+00,-1.628156185150146484e+00
8.752511978149414062e+00,-2.660083532333374023e+00
1.165978240966796875e+01,-2.780534744262695312e+00
1.164418888092041016e+01,-2.649681329727172852e+00
7.340100288391113281e+00,-3.435609817504882812e+00
5.748799800872802734e+00,-3.271815776824951172e+00
6.413737297058105469e+00,-2.528106927871704102e+00
7.254728317260742188e+00,-2.723075389862060547e+00
7.154920101165771484e+00,-2.683305978775024414e+00
8.170556068420410156e+00,-3.655647754669189453e+00
6.858003139495849609e+00,-1.739226818084716797e+00
6.575836181640625000e+00,-1.780359864234924316e+00
6.664827346801757812e+00,-1.778834462165832520e+00
6.798168182373046875e+00,-2.038076400756835938e+00
8.719677925109863281e+00,-2.992067098617553711e+00
8.771107673645019531e+00,-3.661102533340454102e+00
7.052650451660156250e+00,-3.347136259078979492e+00
5.477720260620117188e+00,-2.826494216918945312e+00
5.978201866149902344e+00,-2.726587772369384766e+00
6.451788902282714844e+00,-2.549282073974609375e+00
5.185415744781494141e+00,-2.475257158279418945e+00
8.753431320190429688e+00,-2.911677598953247070e+00
5.897366523742675781e+00,-3.117221593856811523e+00
5.610334873199462891e+00,-3.377819061279296875e+00
5.450598716735839844e+00,-3.485077142715454102e+00
4.413464069366455078e+00,-3.656470537185668945e+00
4.986868381500244141e+00,-3.215690612792968750e+00
8.727849960327148438e+00,-2.888831853866577148e+00
5.419218540191650391e+00,-2.728140115737915039e+00
5.063991546630859375e+00,-2.809490919113159180e+00
4.827633857727050781e+00,-2.646476268768310547e+00
4.672218799591064453e+00,-2.581580162048339844e+00
8.838562011718750000e+00,-3.076622962951660156e+00
8.832283020019531250e+00,-3.376493930816650391e+00
6.755868434906005859e+00,-2.983349084854125977e+00
5.746675491333007812e+00,-3.096273183822631836e+00
6.421784877777099609e+00,-3.217559576034545898e+00
7.128744602203369141e+00,-3.242302894592285156e+00
7.609009265899658203e+00,-3.494490146636962891e+00
7.917271614074707031e+00,-3.212849855422973633e+00
6.837798118591308594e+00,-1.727637410163879395e+00
6.720847129821777344e+00,-1.763580203056335449e+00
6.768477439880371094e+00,-1.751557707786560059e+00
8.117073059082031250e+00,-2.878340482711791992e+00
1.159672355651855469e+01,-2.782079935073852539e+00
1.147728919982910156e+01,-2.631025075912475586e+00
7.251567840576171875e+00,-3.050779342651367188e+00
5.478477478027343750e+00,-2.805001735687255859e+00
6.785021781921386719e+00,-3.148760080337524414e+00
7.786047458648681641e+00,-3.481817007064819336e+00
7.948617458343505859e+00,-3.519536495208740234e+00
7.537271022796630859e+00,-2.804455757141113281e+00
6.846500396728515625e+00,-2.277372121810913086e+00
1.087028884887695312e+01,2.553442478179931641e+00
6.816150665283203125e+00,-1.664912462234497070e+00
8.873825073242187500e+00,-2.692512273788452148e+00
1.200462532043457031e+01,-2.383617162704467773e+00
8.736619949340820312e+00,-3.278891801834106445e+00
7.899322986602783203e+00,-2.327551841735839844e+00
5.064064979553222656e+00,-2.670078754425048828e+00
6.863644599914550781e+00,-3.086741209030151367e+00
7.708506107330322266e+00,-3.392833709716796875e+00
7.948531627655029297e+00,-3.305375576019287109e+00
7.555190086364746094e+00,-2.565283775329589844e+00
6.836974620819091797e+00,-2.379420757293701172e+00
6.498581409454345703e+00,-4.618661880493164062e+00
7.994139194488525391e+00,-2.995242118835449219e+00
8.887567520141601562e+00,-3.343451976776123047e+00
8.216542243957519531e+00,-3.454140186309814453e+00
7.986484527587890625e+00,-3.407111406326293945e+00
7.114602565765380859e+00,-3.615129947662353516e+00
6.368287563323974609e+00,-3.958777904510498047e+00
7.107579231262207031e+00,-2.570746898651123047e+00
1.162243843078613281e+01,-2.682135343551635742e+00
1.177628517150878906e+01,-2.881871938705444336e+00
8.807461738586425781e+00,-2.651065111160278320e+00
6.848818302154541016e+00,-1.584247231483459473e+00
1.087422084808349609e+01,2.571852922439575195e+00
6.959211349487304688e+00,-1.846542716026306152e+00
8.160962104797363281e+00,-3.434685468673706055e+00
8.006335258483886719e+00,-3.427818059921264648e+00
7.061857223510742188e+00,-3.573344230651855469e+00
6.868934154510498047e+00,-4.004937648773193359e+00
6.752220630645751953e+00,-4.293381690979003906e+00
6.962064266204833984e+00,-2.761002779006958008e+00
8.547828674316406250e+00,-3.569851636886596680e+00
8.789497375488281250e+00,-3.051200389862060547e+00
7.113345623016357422e+00,-2.050508260726928711e+00
6.981975555419921875e+00,-2.281792640686035156e+00
6.696157455444335938e+00,-1.850433111190795898e+00
6.843204498291015625e+00,-1.679533839225769043e+00
8.275745391845703125e+00,-3.590855360031127930e+00
6.327775478363037109e+00,-4.936411380767822266e+00
6.202986717224121094e+00,-4.565494060516357422e+00
6.429654598236083984e+00,-4.589621067047119141e+00
6.638994693756103516e+00,-4.776715755462646484e+00
6.914089202880859375e+00,-4.469671726226806641e+00
8.852120399475097656e+00,-2.906617641448974609e+00
5.710962295532226562e+00,-4.748977184295654297e+00
5.460783481597900391e+00,-4.489748477935791016e+00
5.765290737152099609e+00,-3.935366392135620117e+00
6.141897201538085938e+00,-3.814409017562866211e+00
6.570907115936279297e+00,-4.072241306304931641e+00
8.707094192504882812e+00,-2.959961175918579102e+00
8.454586029052734375e+00,-2.763691186904907227e+00
7.278384685516357422e+00,-2.380470037460327148e+00
6.754264354705810547e+00,-1.909580230712890625e+00
6.852603912353515625e+00,-1.975971102714538574e+00
6.989521503448486328e+00,-1.719951033592224121e+00
8.090479850769042969e+00,-3.201552391052246094e+00
7.406376838684082031e+00,-2.563893079757690430e+00
6.945769309997558594e+00,-2.525833368301391602e+00
6.637545585632324219e+00,-2.623430728912353516e+00
6.549009323120117188e+00,-4.094883441925048828e+00
7.493099689483642578e+00,-3.700907707214355469e+00
8.675733566284179688e+00,-3.601429939270019531e+00
1.161511230468750000e+01,-2.787861824035644531e+00
8.687279701232910156e+00,-2.754238605499267578e+00
6.823907375335693359e+00,-1.711220264434814453e+00
1.088743877410888672e+01,2.464608192443847656e+00
7.131250858306884766e+00,-2.898476123809814453e+00
7.620357990264892578e+00,-3.268439054489135742e+00
7.867940902709960938e+00,-3.087077379226684570e+00
7.488226890563964844e+00,-2.523447036743164062e+00
6.844408035278320312e+00,-2.433361768722534180e+00
6.762652873992919922e+00,-4.361329078674316406e+00
7.557933807373046875e+00,-3.794437646865844727e+00
1.160120487213134766e+01,-2.654950618743896484e+00
8.436246871948242188e+00,-3.894338607788085938e+00
8.442645072937011719e+00,-3.486299276351928711e+00
7.023826122283935547e+00,-3.453227996826171875e+00
5.787376880645751953e+00,-3.789077520370483398e+00
6.811005115509033203e+00,-2.280594825744628906e+00
7.767909526824951172e+00,-2.683656692504882812e+00
8.500432968139648438e+00,-3.850541591644287109e+00
8.305740356445312500e+00,-3.392916679382324219e+00
6.844515323638916016e+00,-3.142272710800170898e+00
5.542513847351074219e+00,-3.397986173629760742e+00
6.468444824218750000e+00,-2.272295951843261719e+00
7.678863525390625000e+00,-2.791448831558227539e+00
8.387238502502441406e+00,-3.743757724761962891e+00
8.367116928100585938e+00,-3.207257747650146484e+00
6.942492485046386719e+00,-1.639048814773559570e+00
1.085649490356445312e+01,2.532484769821166992e+00
6.871835231781005859e+00,-1.615742921829223633e+00
8.276707649230957031e+00,-2.686499834060668945e+00
8.517958641052246094e+00,-3.822694063186645508e+00
7.983576297760009766e+00,-3.406259298324584961e+00
6.815808773040771484e+00,-3.253254413604736328e+00
5.574408531188964844e+00,-3.337799310684204102e+00
6.570909976959228516e+00,-2.445419549942016602e+00
7.697321414947509766e+00,-2.784191131591796875e+00
8.337346076965332031e+00,-3.767143964767456055e+00
8.739126205444335938e+00,-2.481413125991821289e+00
6.970050811767578125e+00,-1.901828408241271973e+00
6.528392314910888672e+00,-1.771355390548706055e+00
6.723205089569091797e+00,-1.768652081489562988e+00
8.274122238159179688e+00,-2.422745943069458008e+00
8.400324821472167969e+00,-3.725053071975708008e+00
7.745062828063964844e+00,-3.381651639938354492e+00
6.330813884735107422e+00,-3.123850107192993164e+00
5.247840404510498047e+00,-2.724963426589965820e+00
6.027344226837158203e+00,-2.634067058563232422e+00
7.042674541473388672e+00,-2.676534891128540039e+00
8.794027328491210938e+00,-2.915257692337036133e+00
5.905770301818847656e+00,-3.113528966903686523e+00
5.630746841430664062e+00,-3.381181955337524414e+00
5.475294589996337891e+00,-3.467250108718872070e+00
4.409193038940429688e+00,-3.658682584762573242e+00
4.999753952026367188e+00,-3.203795433044433594e+00
8.757596015930175781e+00,-2.936847686767578125e+00
5.429299354553222656e+00,-2.732892036437988281e+00
5.084438323974609375e+00,-2.827465772628784180e+00
4.827957630157470703e+00,-2.633339881896972656e+00
4.680905818939208984e+00,-2.575827836990356445e+00
5.193783760070800781e+00,-2.493154764175415039e+00
8.211003303527832031e+00,-2.946612358093261719e+00
7.073946475982666016e+00,-2.959367036819458008e+00
6.005494117736816406e+00,-2.900313854217529297e+00
5.585903167724609375e+00,-3.277163505554199219e+00
6.514275550842285156e+00,-3.209323883056640625e+00
7.529150485992431641e+00,-3.401684522628784180e+00
7.912619590759277344e+00,-3.191934585571289062e+00
8.334000587463378906e+00,-2.449994564056396484e+00
6.764484405517578125e+00,-1.741995692253112793e+00
6.713576793670654297e+00,-1.664859175682067871e+00
6.873743057250976562e+00,-1.817021369934082031e+00
8.586156845092773438e+00,-2.626239061355590820e+00
8.227467536926269531e+00,-2.934363365173339844e+00
7.617517948150634766e+00,-2.874353647232055664e+00
6.444575309753417969e+00,-2.749824285507202148e+00
5.055121421813964844e+00,-2.688836574554443359e+00
7.269537925720214844e+00,-3.235739231109619141e+00
8.146316528320312500e+00,-3.370568752288818359e+00
7.897739410400390625e+00,-3.280529737472534180e+00
7.903353691101074219e+00,-2.501742124557495117e+00
6.748855113983154297e+00,-1.579261422157287598e+00
1.082293033599853516e+01,2.545963525772094727e+00
6.925648689270019531e+00,-1.520578742027282715e+00
8.411153793334960938e+00,-3.160287857055664062e+00
8.167676925659179688e+00,-2.892240762710571289e+00
7.706126689910888672e+00,-2.838542461395263672e+00
6.537049293518066406e+00,-2.240614414215087891e+00
4.822824478149414062e+00,-2.610247611999511719e+00
6.906799316406250000e+00,-3.138133764266967773e+00
8.312206268310546875e+00,-3.378515243530273438e+00
7.946552276611328125e+00,-3.262573957443237305e+00
7.799119472503662109e+00,-2.688831567764282227e+00
6.746368408203125000e+00,-2.265998125076293945e+00
6.472935676574707031e+00,-4.606096744537353516e+00
7.050438880920410156e+00,-3.451892614364624023e+00
8.472679138183593750e+00,-3.448548078536987305e+00
8.351271629333496094e+00,-3.848758697509765625e+00
8.402986526489257812e+00,-3.548517704010009766e+00
6.952597141265869141e+00,-3.426096916198730469e+00
5.832596302032470703e+00,-3.996611595153808594e+00
6.747739315032958984e+00,-2.417008399963378906e+00
7.726925373077392578e+00,-2.711938619613647461e+00
8.467618942260742188e+00,-3.921928405761718750e+00
8.636008262634277344e+00,-3.076342582702636719e+00
6.990083694458007812e+00,-1.611689805984497070e+00
1.082931423187255859e+01,2.549634456634521484e+00
6.764973640441894531e+00,-1.672894239425659180e+00
8.067584037780761719e+00,-2.597142934799194336e+00
8.321241378784179688e+00,-3.752397060394287109e+00
7.489138603210449219e+00,-3.522527933120727539e+00
6.853686332702636719e+00,-3.782415390014648438e+00
6.311233043670654297e+00,-4.415137290954589844e+00
6.780202388763427734e+00,-2.623917102813720703e+00
7.182494163513183594e+00,-2.561553239822387695e+00
8.405754089355468750e+00,-3.821740865707397461e+00
8.788661003112792969e+00,-2.544673681259155273e+00
6.895043849945068359e+00,-1.834750175476074219e+00
6.656170368194580078e+00,-1.837952852249145508e+00
6.727389335632324219e+00,-1.851020216941833496e+00
8.320477485656738281e+00,-2.489421844482421875e+00
8.620033264160156250e+00,-2.839149236679077148e+00
6.312650680541992188e+00,-4.956098556518554688e+00
6.183842182159423828e+00,-4.582603454589843750e+00
6.424832820892333984e+00,-4.586088180541992188e+00
6.648703098297119141e+00,-4.766393184661865234e+00
6.897856235504150391e+00,-4.483289241790771484e+00
8.924890518188476562e+00,-2.922200679779052734e+00
5.723923683166503906e+00,-4.738989353179931641e+00
5.455909252166748047e+00,-4.468337535858154297e+00
5.727238655090332031e+00,-3.886765480041503906e+00
6.148302078247070312e+00,-3.845483064651489258e+00
6.566601753234863281e+00,-4.057282924652099609e+00
8.240736007690429688e+00,-2.804678678512573242e+00
8.259765625000000000e+00,-2.540948390960693359e+00
6.832780838012695312e+00,-1.846728444099426270e+00
6.782872676849365234e+00,-1.817515134811401367e+00
6.891695022583007812e+00,-1.855883598327636719e+00
8.732093811035156250e+00,-2.545752286911010742e+00
8.280597686767578125e+00,-3.271941184997558594e+00
7.430631160736083984e+00,-2.646919965744018555e+00
6.659747600555419922e+00,-2.712827205657958984e+00
6.089774608612060547e+00,-4.061640739440917969e+00
7.014271259307861328e+00,-3.860348701477050781e+00
7.810836315155029297e+00,-3.461413621902465820e+00
8.132522583007812500e+00,-2.984246492385864258e+00
7.581188201904296875e+00,-2.532635688781738281e+00
6.834626674652099609e+00,-1.619652271270751953e+00
1.090142345428466797e+01,2.488546133041381836e+00
7.012876033782958984e+00,-1.571021914482116699e+00
8.651597976684570312e+00,-3.082511425018310547e+00
7.976512908935546875e+00,-3.254620790481567383e+00
7.694950103759765625e+00,-2.662077665328979492e+00
6.965713977813720703e+00,-2.513141632080078125e+00
6.460955142974853516e+00,-4.510276317596435547e+00
7.233935832977294922e+00,-3.698286771774291992e+00
8.236253738403320312e+00,-3.462865591049194336e+00
1.183838844299316406e+01,-2.508976221084594727e+00
9.467162132263183594e+00,-2.922720670700073242e+00
7.161207675933837891e+00,-1.912041544914245605e+00
5.517748832702636719e+00,-4.371257781982421875e+00
6.953386783599853516e+00,-2.431473970413208008e+00
7.775637149810791016e+00,-2.733532428741455078e+00
8.352541923522949219e+00,-3.887044191360473633e+00
8.205242156982421875e+00,-3.448571443557739258e+00
7.156249523162841797e+00,-3.176447391510009766e+00
4.402628421783447266e+00,-3.661355733871459961e+00
6.887962341308593750e+00,-2.188633918762207031e+00
8.349390983581542969e+00,-2.880472421646118164e+00
1.169226741790771484e+01,-2.811498641967773438e+00
8.901151657104492188e+00,-2.754904270172119141e+00
6.809912681579589844e+00,-1.645451903343200684e+00
1.090697956085205078e+01,2.557816267013549805e+00
7.049172878265380859e+00,-2.085795402526855469e+00
7.954799652099609375e+00,-3.040787696838378906e+00
7.961398124694824219e+00,-3.561704874038696289e+00
7.717882633209228516e+00,-3.541399002075195312e+00
6.831436157226562500e+00,-3.204149723052978516e+00
4.945120811462402344e+00,-3.341621160507202148e+00
6.900750160217285156e+00,-2.466660261154174805e+00
1.161925029754638672e+01,-2.693531751632690430e+00
8.672968864440917969e+00,-2.984768152236938477e+00
7.276355266571044922e+00,-2.338513374328613281e+00
7.004710674285888672e+00,-2.026379585266113281e+00
6.553727149963378906e+00,-1.756839156150817871e+00
6.764939308166503906e+00,-1.686014056205749512e+00
8.290937423706054688e+00,-3.675397157669067383e+00
7.637049674987792969e+00,-3.431416988372802734e+00
6.656476497650146484e+00,-3.219562053680419922e+00
6.393805980682373047e+00,-3.163464546203613281e+00
5.138418674468994141e+00,-2.770705223083496094e+00
6.861628532409667969e+00,-2.569025278091430664e+00
8.436183929443359375e+00,-3.563776493072509766e+00
5.909884452819824219e+00,-3.110537290573120117e+00
5.640737533569335938e+00,-3.376611232757568359e+00
5.450818061828613281e+00,-3.488473892211914062e+00
4.423982620239257812e+00,-3.639876842498779297e+00
5.002059459686279297e+00,-3.191810369491577148e+00
8.703277587890625000e+00,-2.889757394790649414e+00
5.445586204528808594e+00,-2.707045793533325195e+00
5.089010715484619141e+00,-2.839875221252441406e+00
4.831347942352294922e+00,-2.634014606475830078e+00
4.663623332977294922e+00,-2.585038185119628906e+00
5.173356056213378906e+00,-2.482170820236206055e+00
8.890160560607910156e+00,-2.944294691085815430e+00
7.213474750518798828e+00,-2.679793596267700195e+00
6.444839954376220703e+00,-2.596615314483642578e+00
5.922305583953857422e+00,-2.791658401489257812e+00
5.146697044372558594e+00,-3.093705177307128906e+00
7.939815521240234375e+00,-3.518614053726196289e+00
8.691158294677734375e+00,-2.991443634033203125e+00
8.415440559387207031e+00,-3.099211215972900391e+00
7.741707801818847656e+00,-2.397241353988647461e+00
6.688000202178955078e+00,-1.782208800315856934e+00
6.793285846710205078e+00,-1.703239321708679199e+00
6.847362041473388672e+00,-1.716317892074584961e+00
8.179863929748535156e+00,-2.751197338104248047e+00
7.795798778533935547e+00,-2.924526691436767578e+00
7.231371879577636719e+00,-2.648553371429443359e+00
6.335851192474365234e+00,-2.530184030532836914e+00
5.057074546813964844e+00,-2.703706026077270508e+00
8.353281021118164062e+00,-3.411840677261352539e+00
1.163928031921386719e+01,-2.650190353393554688e+00
1.159651088714599609e+01,-2.818218708038330078e+00
8.561854362487792969e+00,-2.711993932723999023e+00
6.741870403289794922e+00,-1.607886910438537598e+00
1.085115432739257812e+01,2.547492980957031250e+00
7.036385536193847656e+00,-2.060433864593505859e+00
7.798463344573974609e+00,-2.546261310577392578e+00
8.137521743774414062e+00,-2.933124780654907227e+00
7.334538936614990234e+00,-2.781449794769287109e+00
6.425122261047363281e+00,-2.432492494583129883e+00
4.784696578979492188e+00,-2.590268135070800781e+00
8.155760765075683594e+00,-3.035727739334106445e+00
9.137117385864257812e+00,-3.383157730102539062e+00
1.197058868408203125e+01,-2.078452110290527344e+00
8.738014221191406250e+00,-3.272242546081542969e+00
7.504755020141601562e+00,-2.350295543670654297e+00
6.381161689758300781e+00,-4.582426071166992188e+00
7.083235740661621094e+00,-3.488412380218505859e+00
8.085711479187011719e+00,-3.321163892745971680e+00
1.154863929748535156e+01,-2.775722503662109375e+00
1.164617633819580078e+01,-2.717127323150634766e+00
7.047906398773193359e+00,-3.333955287933349609e+00
5.622455596923828125e+00,-4.486986160278320312e+00
6.849587917327880859e+00,-2.481723308563232422e+00
7.447666168212890625e+00,-2.581330537796020508e+00
7.767410278320312500e+00,-2.982723236083984375e+00
8.358601570129394531e+00,-3.546887159347534180e+00
7.043908119201660156e+00,-1.860864400863647461e+00
1.094138813018798828e+01,2.573353767395019531e+00
6.842135429382324219e+00,-1.598255157470703125e+00
8.583256721496582031e+00,-2.773505210876464844e+00
8.555068016052246094e+00,-2.824721574783325195e+00
1.136395454406738281e+01,-2.690809488296508789e+00
7.024962425231933594e+00,-3.541073322296142578e+00
6.147683143615722656e+00,-4.522403240203857422e+00
6.770821571350097656e+00,-2.659091472625732422e+00
6.882716655731201172e+00,-2.518799781799316406e+00
7.370600223541259766e+00,-2.529388427734375000e+00
8.337256431579589844e+00,-3.813921213150024414e+00
6.911620140075683594e+00,-1.629602789878845215e+00
6.611680984497070312e+00,-1.770521759986877441e+00
6.609346866607666016e+00,-1.817598581314086914e+00
6.877782344818115234e+00,-2.037951946258544922e+00
6.581333637237548828e+00,-4.070841789245605469e+00
8.758301734924316406e+00,-2.842608451843261719e+00
6.333915710449218750e+00,-4.907375812530517578e+00
6.208665847778320312e+00,-4.574834823608398438e+00
6.409212112426757812e+00,-4.576013088226318359e+00
6.629965782165527344e+00,-4.770355701446533203e+00
6.901765823364257812e+00,-4.490820407867431641e+00
8.952054023742675781e+00,-3.024349689483642578e+00
5.701096534729003906e+00,-4.760776996612548828e+00
5.445784091949462891e+00,-4.467104911804199219e+00
5.742030143737792969e+00,-3.915209293365478516e+00
6.128463268280029297e+00,-3.820259571075439453e+00
7.850332736968994141e+00,-3.412305831909179688e+00
8.112966537475585938e+00,-2.807839393615722656e+00
6.828794956207275391e+00,-1.686908364295959473e+00
6.668980598449707031e+00,-1.932236433029174805e+00
6.892019748687744141e+00,-1.922406911849975586e+00
7.708589076995849609e+00,-2.930507421493530273e+00
8.625498771667480469e+00,-3.218492269515991211e+00
8.831001281738281250e+00,-3.585801362991333008e+00
7.319650650024414062e+00,-2.778047323226928711e+00
5.912726879119873047e+00,-4.463619709014892578e+00
6.870001792907714844e+00,-3.706413030624389648e+00
7.205939292907714844e+00,-3.688721418380737305e+00
8.056347846984863281e+00,-3.181928873062133789e+00
7.121825695037841797e+00,-2.507305145263671875e+00
6.709485530853271484e+00,-2.026449441909790039e+00
1.086524200439453125e+01,2.469282150268554688e+00
6.797195911407470703e+00,-1.658617138862609863e+00
8.753183364868164062e+00,-2.824697971343994141e+00
1.155191421508789062e+01,-2.932882547378540039e+00
1.164158248901367188e+01,-2.574966192245483398e+00
7.389339923858642578e+00,-2.767600536346435547e+00
6.165306091308593750e+00,-4.570097923278808594e+00
7.085858345031738281e+00,-3.596022844314575195e+00
7.964538574218750000e+00,-3.404568672180175781e+00
1.166652870178222656e+01,-2.647135972976684570e+00
1.156738471984863281e+01,-2.662249565124511719e+00
8.743698120117187500e+00,-2.687323093414306641e+00
5.670367717742919922e+00,-4.713004112243652344e+00
7.421739101409912109e+00,-2.608741283416748047e+00
7.746540069580078125e+00,-2.958867788314819336e+00
7.980763912200927734e+00,-3.440728902816772461e+00
7.978480339050292969e+00,-3.546939849853515625e+00
7.661811351776123047e+00,-3.477591276168823242e+00
4.978737831115722656e+00,-3.244319677352905273e+00
8.433896064758300781e+00,-2.526709556579589844e+00
1.138718509674072266e+01,-2.680203437805175781e+00
8.543039321899414062e+00,-3.353039503097534180e+00
8.455249786376953125e+00,-2.948167562484741211e+00
6.956258773803710938e+00,-1.862489819526672363e+00
1.090772438049316406e+01,2.592913150787353516e+00
7.702395439147949219e+00,-2.753231763839721680e+00
7.758175373077392578e+00,-3.355409622192382812e+00
7.760572433471679688e+00,-3.504161357879638672e+00
7.771076202392578125e+00,-3.475505590438842773e+00
7.524939537048339844e+00,-3.435359239578247070e+00
5.075891971588134766e+00,-3.173067569732666016e+00
1.152048969268798828e+01,-2.748749732971191406e+00
1.186552333831787109e+01,-2.518058300018310547e+00
7.198303699493408203e+00,-3.336545467376708984e+00
6.816092014312744141e+00,-3.183857202529907227e+00
7.094138145446777344e+00,-2.084812641143798828e+00
6.675107002258300781e+00,-1.728249907493591309e+00
7.332155227661132812e+00,-1.983021140098571777e+00
7.520420074462890625e+00,-3.418287992477416992e+00
6.867161750793457031e+00,-3.199874639511108398e+00
6.944119453430175781e+00,-3.062271118164062500e+00
8.133060455322265625e+00,-3.401065349578857422e+00
5.275725841522216797e+00,-2.966527938842773438e+00
1.169827651977539062e+01,-2.824862957000732422e+00
8.484301567077636719e+00,-3.331211090087890625e+00
5.605025291442871094e+00,-3.390959262847900391e+00
5.453435420989990234e+00,-3.489445924758911133e+00
4.408442497253417969e+00,-3.657771825790405273e+00
4.994513511657714844e+00,-3.204736471176147461e+00
8.710523605346679688e+00,-2.864192247390747070e+00
5.421625137329101562e+00,-2.708695411682128906e+00
5.092431068420410156e+00,-2.834840536117553711e+00
4.826092243194580078e+00,-2.635749816894531250e+00
4.658582687377929688e+00,-2.578984260559082031e+00
5.169742107391357422e+00,-2.487793207168579102e+00
8.833142280578613281e+00,-2.879989385604858398e+00
5.888157844543457031e+00,-3.121673583984375000e+00
6.603394508361816406e+00,-2.490040779113769531e+00
6.437916278839111328e+00,-2.357514619827270508e+00
6.629011154174804688e+00,-2.516407251358032227e+00
5.159984588623046875e+00,-3.068569660186767578e+00
1.169073295593261719e+01,-2.711926221847534180e+00
7.761724948883056641e+00,-3.095881700515747070e+00
6.907728672027587891e+00,-2.824445724487304688e+00
6.435582637786865234e+00,-2.386370658874511719e+00
6.526133060455322266e+00,-1.954449295997619629e+00
6.822410106658935547e+00,-1.620283961296081543e+00
7.216524600982666016e+00,-1.865514397621154785e+00
7.094957828521728516e+00,-2.434672832489013672e+00
7.677834987640380859e+00,-2.812659263610839844e+00
7.262191772460937500e+00,-2.720631837844848633e+00
6.646765232086181641e+00,-2.591262102127075195e+00
5.366995811462402344e+00,-2.685828208923339844e+00
1.148162460327148438e+01,-2.706822156906127930e+00
1.170569610595703125e+01,-2.572455406188964844e+00
8.037809371948242188e+00,-2.961569786071777344e+00
7.755218029022216797e+00,-2.766511440277099609e+00
6.800173282623291016e+00,-2.026094198226928711e+00
1.084964179992675781e+01,2.535218715667724609e+00
7.648781776428222656e+00,-2.371893405914306641e+00
7.918549060821533203e+00,-3.021935224533081055e+00
8.191826820373535156e+00,-3.624692440032958984e+00
7.554556846618652344e+00,-2.969811677932739258e+00
7.247085571289062500e+00,-2.754086494445800781e+00
5.857244014739990234e+00,-2.775100946426391602e+00
8.686666488647460938e+00,-2.764768362045288086e+00
8.726400375366210938e+00,-3.267721652984619141e+00
1.148356437683105469e+01,-2.793431758880615234e+00
8.361395835876464844e+00,-2.961098670959472656e+00
8.268425941467285156e+00,-2.491457462310791016e+00
8.257381439208984375e+00,-2.648227930068969727e+00
7.983616828918457031e+00,-3.267723560333251953e+00
8.162968635559082031e+00,-3.426138639450073242e+00
8.315437316894531250e+00,-2.887245893478393555e+00
1.191014862060546875e+01,-2.509235143661499023e+00
1.155826854705810547e+01,-2.917918205261230469e+00
5.771283149719238281e+00,-4.686124801635742188e+00
7.218528747558593750e+00,-2.599989891052246094e+00
7.539883136749267578e+00,-2.577190637588500977e+00
7.608823299407958984e+00,-2.598793268203735352e+00
7.689310550689697266e+00,-3.031770706176757812e+00
7.169341564178466797e+00,-2.101418256759643555e+00
1.092658233642578125e+01,2.580370664596557617e+00
7.210422515869140625e+00,-2.234041452407836914e+00
7.936158180236816406e+00,-2.739520549774169922e+00
6.962499141693115234e+00,-2.464871644973754883e+00
8.404968261718750000e+00,-3.003764629364013672e+00
1.166291332244873047e+01,-2.790589332580566406e+00
6.132588863372802734e+00,-4.573572158813476562e+00
7.256089687347412109e+00,-2.813212633132934570e+00
6.901951789855957031e+00,-2.462154865264892578e+00
6.897944927215576172e+00,-2.409163713455200195e+00
7.320224285125732422e+00,-2.485957384109497070e+00
7.070180416107177734e+00,-1.854071378707885742e+00
6.672697067260742188e+00,-1.780045986175537109e+00
6.809326171875000000e+00,-2.158939123153686523e+00
6.763814926147460938e+00,-2.361254930496215820e+00
6.157965660095214844e+00,-3.852117300033569336e+00
6.583768844604492188e+00,-4.083646774291992188e+00
8.646754264831542969e+00,-2.874664306640625000e+00
6.321504116058349609e+00,-4.937999725341796875e+00
6.172754287719726562e+00,-4.584756374359130859e+00
6.405988216400146484e+00,-4.596822738647460938e+00
6.667458534240722656e+00,-4.760022640228271484e+00
6.924394130706787109e+00,-4.477437973022460938e+00
8.874950408935546875e+00,-2.966439485549926758e+00
5.709088802337646484e+00,-4.751992225646972656e+00
5.462974548339843750e+00,-4.488535881042480469e+00
5.708739280700683594e+00,-3.908070802688598633e+00
7.286394596099853516e+00,-3.628458499908447266e+00
7.836440086364746094e+00,-3.377753734588623047e+00
7.012346744537353516e+00,-1.608882665634155273e+00
6.683086395263671875e+00,-1.761533617973327637e+00
7.021482944488525391e+00,-2.108315944671630859e+00
7.078691005706787109e+00,-3.491092443466186523e+00
7.481330394744873047e+00,-3.679405212402343750e+00
8.568560600280761719e+00,-3.540706396102905273e+00
1.170798778533935547e+01,-2.761631488800048828e+00
5.961100101470947266e+00,-4.573890209197998047e+00
6.895035266876220703e+00,-3.594916820526123047e+00
6.940412521362304688e+00,-3.470296144485473633e+00
8.342916488647460938e+00,-3.439840793609619141e+00
8.033188819885253906e+00,-3.330505609512329102e+00
7.116310119628906250e+00,-2.370813369750976562e+00
1.086206436157226562e+01,2.566322803497314453e+00
7.023567676544189453e+00,-2.027254819869995117e+00
8.394067764282226562e+00,-3.016310691833496094e+00
8.378126144409179688e+00,-3.362794399261474609e+00
1.163168239593505859e+01,-2.589210987091064453e+00
1.146249675750732422e+01,-2.762940406799316406e+00
6.195953845977783203e+00,-4.595682144165039062e+00
7.216063976287841797e+00,-3.527944087982177734e+00
7.990674018859863281e+00,-3.416375875473022461e+00
8.393937110900878906e+00,-3.866153717041015625e+00
8.363460540771484375e+00,-3.841960906982421875e+00
8.355454444885253906e+00,-3.807500839233398438e+00
8.059043884277343750e+00,-2.383096933364868164e+00
7.976532936096191406e+00,-3.219487667083740234e+00
7.920933246612548828e+00,-3.258275032043457031e+00
7.971212387084960938e+00,-3.285150766372680664e+00
7.879606246948242188e+00,-3.298207044601440430e+00
7.879112243652343750e+00,-3.257775068283081055e+00
7.920332431793212891e+00,-2.383325338363647461e+00
8.295393943786621094e+00,-3.683930158615112305e+00
8.404741287231445312e+00,-3.874914169311523438e+00
8.313386917114257812e+00,-3.413845300674438477e+00
8.333034515380859375e+00,-3.372537374496459961e+00
7.227258205413818359e+00,-2.064845085144042969e+00
1.088765430450439453e+01,2.568742752075195312e+00
7.215770721435546875e+00,-2.993653059005737305e+00
7.470515251159667969e+00,-3.235488891601562500e+00
8.070084571838378906e+00,-3.479104280471801758e+00
8.239812850952148438e+00,-3.360228300094604492e+00
8.387831687927246094e+00,-3.223868608474731445e+00
1.145853519439697266e+01,-2.857561111450195312e+00
8.393940925598144531e+00,-3.395127296447753906e+00
8.150670051574707031e+00,-3.379013061523437500e+00
6.852159976959228516e+00,-3.190982341766357422e+00
7.125369548797607422e+00,-3.174610137939453125e+00
7.080371379852294922e+00,-2.772495508193969727e+00
6.721061706542968750e+00,-1.643838286399841309e+00
7.138084888458251953e+00,-3.044876098632812500e+00
6.785057067871093750e+00,-3.162104368209838867e+00
7.005019664764404297e+00,-3.098214864730834961e+00
8.337244987487792969e+00,-3.330855369567871094e+00
8.557233810424804688e+00,-3.318095922470092773e+00
1.194246959686279297e+01,-2.753098487854003906e+00
7.648591041564941406e+00,-3.256587505340576172e+00
7.169833660125732422e+00,-3.434221744537353516e+00
5.458267211914062500e+00,-3.479554653167724609e+00
4.410460948944091797e+00,-3.656719446182250977e+00
5.005753040313720703e+00,-3.178899765014648438e+00
8.711329460144042969e+00,-2.960584640502929688e+00
5.387883663177490234e+00,-2.716943979263305664e+00
5.084968566894531250e+00,-2.832571029663085938e+00
4.816842079162597656e+00,-2.629189252853393555e+00
4.671168327331542969e+00,-2.572356700897216797e+00
5.200529575347900391e+00,-2.461671113967895508e+00
8.843508720397949219e+00,-2.950188159942626953e+00
5.895189762115478516e+00,-3.120001792907714844e+00
5.607997894287109375e+00,-3.394638538360595703e+00
6.557467460632324219e+00,-2.312978267669677734e+00
6.792881965637207031e+00,-2.405512809753417969e+00
8.241232872009277344e+00,-2.774876117706298828e+00
1.200888061523437500e+01,-2.622930049896240234e+00
7.324692726135253906e+00,-2.975787162780761719e+00
7.008197784423828125e+00,-2.867988586425781250e+00
6.434813499450683594e+00,-2.489480495452880859e+00
6.407789707183837891e+00,-2.473660230636596680e+00
6.712188243865966797e+00,-2.145009517669677734e+00
6.801343917846679688e+00,-1.604544639587402344e+00
6.624786853790283203e+00,-2.087977170944213867e+00
6.702028751373291016e+00,-2.274234056472778320e+00
7.757546901702880859e+00,-2.798313856124877930e+00
7.711915016174316406e+00,-2.851972818374633789e+00
7.862548351287841797e+00,-2.940411567687988281e+00
1.148264694213867188e+01,-2.873420953750610352e+00
8.034401893615722656e+00,-3.136187076568603516e+00
7.617233276367187500e+00,-2.778131961822509766e+00
7.510251045227050781e+00,-2.686182022094726562e+00
7.142041206359863281e+00,-2.413838624954223633e+00
7.039478778839111328e+00,-2.285544395446777344e+00
1.089610481262207031e+01,2.586219072341918945e+00
7.183620929718017578e+00,-2.009705305099487305e+00
7.754475593566894531e+00,-2.623901128768920898e+00
8.347832679748535156e+00,-3.902939081192016602e+00
8.346710205078125000e+00,-3.782542228698730469e+00
8.232215881347656250e+00,-3.695121049880981445e+00
7.967728137969970703e+00,-2.334839105606079102e+00
8.163861274719238281e+00,-2.795038223266601562e+00
8.120000839233398438e+00,-2.878355979919433594e+00
8.129460334777832031e+00,-2.902878046035766602e+00
8.093284606933593750e+00,-2.908255815505981445e+00
8.128158569335937500e+00,-2.785532951354980469e+00
7.648129463195800781e+00,-2.296603202819824219e+00
8.337026596069335938e+00,-3.653636932373046875e+00
8.347593307495117188e+00,-3.833138465881347656e+00
7.801416397094726562e+00,-2.668565511703491211e+00
7.800132751464843750e+00,-2.753780364990234375e+00
7.877393245697021484e+00,-2.729448795318603516e+00
1.146947002410888672e+01,-2.848405361175537109e+00
7.898229122161865234e+00,-2.748399019241333008e+00
7.692009449005126953e+00,-2.696993350982666016e+00
7.735566616058349609e+00,-2.584597349166870117e+00
7.298098564147949219e+00,-2.407132625579833984e+00
6.913016796112060547e+00,-2.077504873275756836e+00
1.086803722381591797e+01,2.563539505004882812e+00
7.782803535461425781e+00,-2.743592977523803711e+00
7.821355342864990234e+00,-2.792340278625488281e+00
6.838712215423583984e+00,-2.395739078521728516e+00
6.975213050842285156e+00,-2.535042047500610352e+00
8.420523643493652344e+00,-2.856952905654907227e+00
1.194458580017089844e+01,-2.731782197952270508e+00
7.711125373840332031e+00,-2.862653493881225586e+00
7.291653156280517578e+00,-2.725021600723266602e+00
6.888807296752929688e+00,-2.381200075149536133e+00
6.816781044006347656e+00,-2.342264175415039062e+00
6.981531620025634766e+00,-2.113297224044799805e+00
6.777202606201171875e+00,-1.688206553459167480e+00
6.895988464355468750e+00,-2.148106813430786133e+00
6.876371860504150391e+00,-2.332777976989746094e+00
5.740430831909179688e+00,-3.896450042724609375e+00
6.153030395507812500e+00,-3.838351726531982422e+00
6.546975135803222656e+00,-4.068790912628173828e+00
8.708111763000488281e+00,-2.811638832092285156e+00
6.323013305664062500e+00,-4.945466995239257812e+00
6.195883274078369141e+00,-4.580208301544189453e+00
6.443414211273193359e+00,-4.573539733886718750e+00
6.634170532226562500e+00,-4.751205921173095703e+00
6.905169486999511719e+00,-4.491055011749267578e+00
8.887021064758300781e+00,-2.881200790405273438e+00
5.706766128540039062e+00,-4.747540950775146484e+00
5.464734554290771484e+00,-4.482155323028564453e+00
6.961841106414794922e+00,-3.385407447814941406e+00
7.192758083343505859e+00,-3.418699026107788086e+00
7.014993667602539062e+00,-1.911152482032775879e+00
6.794045925140380859e+00,-1.638274788856506348e+00
6.898825168609619141e+00,-2.011309623718261719e+00
7.049076080322265625e+00,-3.482781410217285156e+00
7.119657516479492188e+00,-3.540154457092285156e+00
7.493701934814453125e+00,-3.780889749526977539e+00
7.828392028808593750e+00,-3.781402349472045898e+00
1.198726749420166016e+01,-2.681820392608642578e+00
7.110300064086914062e+00,-3.490775823593139648e+00
7.001156330108642578e+00,-3.366877317428588867e+00
8.452430725097656250e+00,-3.469891071319580078e+00
8.022275924682617188e+00,-3.326044559478759766e+00
7.887089729309082031e+00,-2.882086277008056641e+00
1.092599582672119141e+01,2.536785602569580078e+00
7.700025558471679688e+00,-2.463566780090332031e+00
7.868309974670410156e+00,-2.643746376037597656e+00
8.256415367126464844e+00,-3.422061681747436523e+00
8.373967170715332031e+00,-3.470105409622192383e+00
8.381194114685058594e+00,-3.441249132156372070e+00
1.144939136505126953e+01,-2.855130434036254883e+00
8.388954162597656250e+00,-3.419291257858276367e+00
8.398488998413085938e+00,-3.536080598831176758e+00
8.218043327331542969e+00,-3.777869939804077148e+00
7.807324886322021484e+00,-2.968904256820678711e+00
7.416008472442626953e+00,-2.553132057189941406e+00
6.484701633453369141e+00,-4.233201980590820312e+00
8.648209571838378906e+00,-2.657737731933593750e+00
8.742114067077636719e+00,-3.260457992553710938e+00
1.126824283599853516e+01,-2.792688846588134766e+00
8.245979309082031250e+00,-3.008865356445312500e+00
8.421146392822265625e+00,-2.598028182983398438e+00
6.425498485565185547e+00,-2.246856212615966797e+00
7.507068634033203125e+00,-3.383399724960327148e+00
7.882974147796630859e+00,-3.521870374679565430e+00
8.066516876220703125e+00,-3.499258279800415039e+00
8.064798355102539062e+00,-3.643923521041870117e+00
6.921269893646240234e+00,-2.034420967102050781e+00
1.086076354980468750e+01,2.589492321014404297e+00
7.181063652038574219e+00,-2.140182256698608398e+00
8.511633872985839844e+00,-2.863862752914428711e+00
8.367608070373535156e+00,-3.128806829452514648e+00
1.177257728576660156e+01,-2.634699821472167969e+00
1.146886062622070312e+01,-2.716042041778564453e+00
5.724960803985595703e+00,-2.873629331588745117e+00
7.174541473388671875e+00,-3.356952667236328125e+00
7.681412696838378906e+00,-3.555478572845458984e+00
7.297565937042236328e+00,-3.273705482482910156e+00
7.632544517517089844e+00,-3.460717916488647461e+00
7.254244804382324219e+00,-2.023504257202148438e+00
6.710331916809082031e+00,-1.626202702522277832e+00
6.715255737304687500e+00,-2.274763345718383789e+00
6.842380046844482422e+00,-3.000314474105834961e+00
8.312460899353027344e+00,-3.060085296630859375e+00
8.467718124389648438e+00,-3.278622865676879883e+00
1.160456371307373047e+01,-2.718366861343383789e+00
5.965019702911376953e+00,-3.044686079025268555e+00
6.764185428619384766e+00,-3.365691423416137695e+00
6.798724174499511719e+00,-3.209224224090576172e+00
4.422010898590087891e+00,-3.648324966430664062e+00
4.996221065521240234e+00,-3.210022687911987305e+00
8.643495559692382812e+00,-2.902348756790161133e+00
5.431267261505126953e+00,-2.740833997726440430e+00
5.080723762512207031e+00,-2.842237472534179688e+00
4.833317756652832031e+00,-2.630137205123901367e+00
4.662707805633544922e+00,-2.567469358444213867e+00
5.186648845672607422e+00,-2.474945068359375000e+00
8.752196311950683594e+00,-2.954436540603637695e+00
5.891579627990722656e+00,-3.120145797729492188e+00
5.615653991699218750e+00,-3.383568286895751953e+00
5.466578483581542969e+00,-3.471166849136352539e+00
6.839398384094238281e+00,-2.340130090713500977e+00
8.367240905761718750e+00,-3.002632141113281250e+00
1.172801208496093750e+01,-2.839445352554321289e+00
5.973008155822753906e+00,-3.040995836257934570e+00
6.467582702636718750e+00,-2.900716304779052734e+00
6.394679069519042969e+00,-2.586783170700073242e+00
6.511903762817382812e+00,-2.533487796783447266e+00
7.219940185546875000e+00,-2.723140001296997070e+00
7.185744762420654297e+00,-1.861807703971862793e+00
6.698717117309570312e+00,-1.781785845756530762e+00
6.669192314147949219e+00,-1.956149935722351074e+00
6.561524391174316406e+00,-2.157687187194824219e+00
7.968945026397705078e+00,-2.957428455352783203e+00
1.170970344543457031e+01,-2.671620368957519531e+00
1.151212024688720703e+01,-2.766855955123901367e+00
6.009898662567138672e+00,-3.070042848587036133e+00
6.793463230133056641e+00,-2.892426490783691406e+00
7.335787296295166016e+00,-2.657782793045043945e+00
7.408039093017578125e+00,-2.798122644424438477e+00
7.453315734863281250e+00,-2.760143518447875977e+00
7.837928771972656250e+00,-2.816873550415039062e+00
1.092708587646484375e+01,2.562978506088256836e+00
6.845231533050537109e+00,-1.753601670265197754e+00
7.956454277038574219e+00,-2.850674867630004883e+00
1.151039600372314453e+01,-2.635822057723999023e+00
8.562611579895019531e+00,-3.451195716857910156e+00
8.736619949340820312e+00,-2.679343938827514648e+00
5.877812862396240234e+00,-3.176814317703247070e+00
7.395596504211425781e+00,-2.538792848587036133e+00
7.778120994567871094e+00,-2.868038654327392578e+00
8.087981224060058594e+00,-3.028364419937133789e+00
8.117352485656738281e+00,-3.276863574981689453e+00
7.837507724761962891e+00,-3.371778249740600586e+00
6.376721382141113281e+00,-3.783109664916992188e+00
8.456711769104003906e+00,-2.550568580627441406e+00
1.144286251068115234e+01,-2.677912950515747070e+00
7.772189140319824219e+00,-2.710513353347778320e+00
7.500509738922119141e+00,-2.617620229721069336e+00
6.940657615661621094e+00,-2.536405563354492188e+00
6.934453010559082031e+00,-4.147182464599609375e+00
1.156569766998291016e+01,-2.688958168029785156e+00
1.176034259796142578e+01,-2.599850177764892578e+00
8.262187957763671875e+00,-3.008963346481323242e+00
7.913103103637695312e+00,-2.685607910156250000e+00
6.794706821441650391e+00,-2.078838348388671875e+00
1.086921882629394531e+01,2.537433862686157227e+00
7.393283367156982422e+00,-3.036207675933837891e+00
7.904263019561767578e+00,-3.244875669479370117e+00
7.046518802642822266e+00,-2.522792100906372070e+00
6.721857070922851562e+00,-2.478870153427124023e+00
6.835774898529052734e+00,-2.763024568557739258e+00
6.846875667572021484e+00,-4.059062957763671875e+00
1.166543102264404297e+01,-2.733761548995971680e+00
8.006464004516601562e+00,-2.778537511825561523e+00
7.246422767639160156e+00,-2.573468685150146484e+00
6.769392013549804688e+00,-2.241396427154541016e+00
6.750063896179199219e+00,-2.184493541717529297e+00
6.810154438018798828e+00,-1.893355131149291992e+00
7.138131618499755859e+00,-1.833332180976867676e+00
7.374162197113037109e+00,-2.547393560409545898e+00
5.447416305541992188e+00,-4.475198745727539062e+00
5.751170635223388672e+00,-3.903299093246459961e+00
6.154582500457763672e+00,-3.825684309005737305e+00
6.569841384887695312e+00,-4.083889007568359375e+00
8.706816673278808594e+00,-2.815181016921997070e+00
6.304226875305175781e+00,-4.963732719421386719e+00
6.220045566558837891e+00,-4.547862052917480469e+00
6.434218406677246094e+00,-4.587131977081298828e+00
6.641702651977539062e+00,-4.775826930999755859e+00
6.945670127868652344e+00,-4.465288162231445312e+00
8.866927146911621094e+00,-2.976457118988037109e+00
5.709983825683593750e+00,-4.750778198242187500e+00
7.128836631774902344e+00,-3.082910060882568359e+00
6.983742237091064453e+00,-3.330399274826049805e+00
7.111719608306884766e+00,-2.213288068771362305e+00
6.753602504730224609e+00,-1.678385257720947266e+00
7.053680896759033203e+00,-1.657754421234130859e+00
8.000082015991210938e+00,-3.227207183837890625e+00
7.166265964508056641e+00,-3.501843214035034180e+00
7.145394325256347656e+00,-3.669479608535766602e+00
7.096276283264160156e+00,-4.001035690307617188e+00
6.926097869873046875e+00,-4.097237110137939453e+00
1.153188133239746094e+01,-2.792094469070434570e+00
8.547954559326171875e+00,-3.264926910400390625e+00
8.516142845153808594e+00,-3.459062814712524414e+00
8.382894515991210938e+00,-3.031294584274291992e+00
6.739685535430908203e+00,-1.907789707183837891e+00
1.092646503448486328e+01,2.589100599288940430e+00
7.129554748535156250e+00,-2.003043889999389648e+00
8.182682991027832031e+00,-3.251481771469116211e+00
8.175075531005859375e+00,-3.398468017578125000e+00
7.950839519500732422e+00,-3.385447502136230469e+00
7.505177974700927734e+00,-3.754401922225952148e+00
6.700580120086669922e+00,-3.995237588882446289e+00
1.155839824676513672e+01,-2.748040676116943359e+00
1.166314125061035156e+01,-2.676914930343627930e+00
7.950266361236572266e+00,-3.326804876327514648e+00
7.583096981048583984e+00,-2.529054880142211914e+00
6.929946422576904297e+00,-2.397730827331542969e+00
6.479883193969726562e+00,-4.596136569976806641e+00
7.909677505493164062e+00,-3.014847755432128906e+00
8.825772285461425781e+00,-3.393093824386596680e+00
1.196651268005371094e+01,-2.404151916503906250e+00
8.835788726806640625e+00,-3.247156620025634766e+00
7.860738277435302734e+00,-2.342864513397216797e+00
5.012541770935058594e+00,-2.685701370239257812e+00
6.857597827911376953e+00,-3.093118667602539062e+00
7.634850025177001953e+00,-3.399139165878295898e+00
7.928256988525390625e+00,-3.511045217514038086e+00
7.523591041564941406e+00,-2.826995134353637695e+00
6.846570968627929688e+00,-2.153841018676757812e+00
1.084951114654541016e+01,2.563579797744750977e+00
6.799829483032226562e+00,-1.611632823944091797e+00
8.663801193237304688e+00,-2.679723501205444336e+00
1.162476634979248047e+01,-2.841464996337890625e+00
1.139374256134033203e+01,-2.585063934326171875e+00
7.220604419708251953e+00,-2.991379261016845703e+00
5.463588714599609375e+00,-2.808435916900634766e+00
6.814387798309326172e+00,-3.175918102264404297e+00
7.776592254638671875e+00,-3.505186557769775391e+00
7.635135650634765625e+00,-3.448959827423095703e+00
7.875647544860839844e+00,-3.131471872329711914e+00
6.810372352600097656e+00,-1.685609221458435059e+00
6.735404014587402344e+00,-1.713468790054321289e+00
6.698740482330322266e+00,-1.839776515960693359e+00
8.257833480834960938e+00,-2.948655128479003906e+00
8.736137390136718750e+00,-3.033225774765014648e+00
8.809480667114257812e+00,-3.345743894577026367e+00
6.741456031799316406e+00,-3.036309719085693359e+00
5.809513092041015625e+00,-3.044525384902954102e+00
6.406827926635742188e+00,-3.277157068252563477e+00
7.085754871368408203e+00,-3.219383239746093750e+00
4.983066082000732422e+00,-3.217175483703613281e+00
8.710659027099609375e+00,-2.976844549179077148e+00
5.413919925689697266e+00,-2.726260423660278320e+00
5.068583011627197266e+00,-2.815768480300903320e+00
4.823180675506591797e+00,-2.632972478866577148e+00
4.672791481018066406e+00,-2.581082344055175781e+00
5.170563697814941406e+00,-2.495932102203369141e+00
8.774056434631347656e+00,-3.034153461456298828e+00
5.892366886138916016e+00,-3.124155044555664062e+00
5.621185779571533203e+00,-3.381209611892700195e+00
5.462389945983886719e+00,-3.482162952423095703e+00
4.401240348815917969e+00,-3.662316560745239258e+00
8.672170639038085938e+00,-3.040201902389526367e+00
8.705930709838867188e+00,-3.720476150512695312e+00
7.079224109649658203e+00,-3.304552316665649414e+00
5.464732646942138672e+00,-2.788781642913818359e+00
5.934246540069580078e+00,-2.727240324020385742e+00
6.467463016510009766e+00,-2.561187028884887695e+00
7.164817810058593750e+00,-2.708244562149047852e+00
8.150615692138671875e+00,-3.606494188308715820e+00
6.910269260406494141e+00,-1.692211747169494629e+00
6.614162921905517578e+00,-1.780695438385009766e+00
6.593774795532226562e+00,-1.804889440536499023e+00
6.796364307403564453e+00,-2.033874750137329102e+00
1.159524631500244141e+01,-2.863757133483886719e+00
1.163159370422363281e+01,-2.718030452728271484e+00
7.338475227355957031e+00,-3.442673444747924805e+00
5.710004806518554688e+00,-3.270533323287963867e+00
6.409360408782958984e+00,-2.518762350082397461e+00
7.248226642608642578e+00,-2.652255535125732422e+00
7.742149353027343750e+00,-2.974930286407470703e+00
7.990003108978271484e+00,-3.453889369964599609e+00
6.949274063110351562e+00,-2.066907167434692383e+00
1.091184902191162109e+01,2.559471845626831055e+00
6.793147087097167969e+00,-1.559506416320800781e+00
8.661434173583984375e+00,-2.658407926559448242e+00
1.196385383605957031e+01,-2.476648807525634766e+00
8.896379470825195312e+00,-3.172371864318847656e+00
7.469220161437988281e+00,-2.177775144577026367e+00
5.616291046142578125e+00,-3.392669200897216797e+00
6.761447429656982422e+00,-2.345114231109619141e+00
7.676390647888183594e+00,-2.877056598663330078e+00
8.300847053527832031e+00,-3.798109054565429688e+00
8.216307640075683594e+00,-3.400054454803466797e+00
7.190618038177490234e+00,-3.521974563598632812e+00
5.967437267303466797e+00,-3.778982877731323242e+00
6.889359951019287109e+00,-2.154025554656982422e+00
8.695313453674316406e+00,-3.115924835205078125e+00
7.840288162231445312e+00,-3.038348436355590820e+00
7.483494758605957031e+00,-2.580667018890380859e+00
6.764979362487792969e+00,-2.456823825836181641e+00
6.750407695770263672e+00,-4.314849376678466797e+00
7.661124706268310547e+00,-3.760259151458740234e+00
1.157209968566894531e+01,-2.611819982528686523e+00
1.156873989105224609e+01,-2.843244314193725586e+00
8.762690544128417969e+00,-2.684107065200805664e+00
6.770069122314453125e+00,-1.644267559051513672e+00
1.087465286254882812e+01,2.523336410522460938e+00
7.116468906402587891e+00,-2.886886835098266602e+00
7.589225769042968750e+00,-3.229901552200317383e+00
7.394628047943115234e+00,-2.574191093444824219e+00
6.907187461853027344e+00,-2.495786666870117188e+00
6.688760280609130859e+00,-2.561372041702270508e+00
6.558604717254638672e+00,-4.092906475067138672e+00
7.510108947753906250e+00,-3.708504438400268555e+00
8.653243064880371094e+00,-3.479754447937011719e+00
8.207355499267578125e+00,-2.826967954635620117e+00
7.269498825073242188e+00,-2.313873291015625000e+00
6.774318218231201172e+00,-1.913725495338439941e+00
6.862787723541259766e+00,-2.040627002716064453e+00
6.912088394165039062e+00,-1.590148806571960449e+00
8.117205619812011719e+00,-3.115044593811035156e+00
5.711885452270507812e+00,-4.750386238098144531e+00
5.452519893646240234e+00,-4.493405818939208984e+00
5.739862918853759766e+00,-3.894914388656616211e+00
6.119835376739501953e+00,-3.830817937850952148e+00
6.546248435974121094e+00,-4.093560695648193359e+00
8.616466522216796875e+00,-2.920531034469604492e+00
6.327972412109375000e+00,-4.928836822509765625e+00
6.213232040405273438e+00,-4.556831359863281250e+00
6.422214508056640625e+00,-4.577468872070312500e+00
6.644028663635253906e+00,-4.781569004058837891e+00
6.924230575561523438e+00,-4.483576774597167969e+00
8.836532592773437500e+00,-2.940564632415771484e+00
8.916893959045410156e+00,-3.033555746078491211e+00
7.055365085601806641e+00,-1.966506600379943848e+00
7.004502296447753906e+00,-2.176438093185424805e+00
6.696467876434326172e+00,-1.869202971458435059e+00
6.849793434143066406e+00,-1.666569828987121582e+00
8.263453483581542969e+00,-3.527544260025024414e+00
7.905314922332763672e+00,-3.379834175109863281e+00
7.044874668121337891e+00,-3.582645654678344727e+00
6.902345657348632812e+00,-3.939101457595825195e+00
6.719053745269775391e+00,-4.276737213134765625e+00
7.035466194152832031e+00,-2.712409973144531250e+00
8.527078628540039062e+00,-3.637250661849975586e+00
1.179297351837158203e+01,-2.907429933547973633e+00
8.833190917968750000e+00,-2.723906755447387695e+00
6.781925201416015625e+00,-1.615918517112731934e+00
1.085694217681884766e+01,2.561555385589599609e+00
6.981012344360351562e+00,-1.857713937759399414e+00
8.048873901367187500e+00,-3.335517644882202148e+00
8.241271972656250000e+00,-3.483661413192749023e+00
7.982151031494140625e+00,-3.450242042541503906e+00
7.060665130615234375e+00,-3.607061624526977539e+00
6.294513225555419922e+00,-3.967650175094604492e+00
7.101765155792236328e+00,-2.589434385299682617e+00
1.154472541809082031e+01,-2.723729610443115234e+00
7.969192504882812500e+00,-3.305176973342895508e+00
7.811903953552246094e+00,-2.698585748672485352e+00
6.775065898895263672e+00,-2.286140203475952148e+00
6.438854217529296875e+00,-4.585508346557617188e+00
7.043160438537597656e+00,-3.451224088668823242e+00
8.515500068664550781e+00,-3.395839214324951172e+00
8.177876472473144531e+00,-2.910792827606201172e+00
7.725842952728271484e+00,-2.830998420715332031e+00
6.479146957397460938e+00,-2.291414022445678711e+00
4.913016796112060547e+00,-2.642093658447265625e+00
6.900397300720214844e+00,-3.091749429702758789e+00
8.271890640258789062e+00,-3.365026950836181641e+00
7.965867042541503906e+00,-3.289659976959228516e+00
7.807501792907714844e+00,-2.492656230926513672e+00
6.753263473510742188e+00,-1.640518546104431152e+00
1.085175991058349609e+01,2.520564079284667969e+00
6.970511913299560547e+00,-1.556946516036987305e+00
8.408329010009765625e+00,-3.005359411239624023e+00
8.266728401184082031e+00,-2.938910722732543945e+00
7.618740081787109375e+00,-2.803305387496948242e+00
6.494956016540527344e+00,-2.701032400131225586e+00
5.018356323242187500e+00,-2.689145088195800781e+00
7.289547920227050781e+00,-3.129627704620361328e+00
8.193033218383789062e+00,-3.447867631912231445e+00
7.879487991333007812e+00,-3.198206186294555664e+00
8.461905479431152344e+00,-2.380118846893310547e+00
6.762639522552490234e+00,-1.726847290992736816e+00
6.761299610137939453e+00,-1.638328194618225098e+00
6.851794719696044922e+00,-1.757702231407165527e+00
8.575682640075683594e+00,-2.510445356369018555e+00
8.211319923400878906e+00,-2.971214056015014648e+00
7.063986778259277344e+00,-2.917282104492187500e+00
6.056180953979492188e+00,-2.885905504226684570e+00
5.562168598175048828e+00,-3.248754978179931641e+00
6.530148983001708984e+00,-3.228532075881958008e+00
7.523970603942871094e+00,-3.364680767059326172e+00
8.763066291809082031e+00,-2.855528354644775391e+00
5.428398609161376953e+00,-2.732587814331054688e+00
5.080161094665527344e+00,-2.816473245620727539e+00
4.807820796966552734e+00,-2.608841419219970703e+00
4.662878990173339844e+00,-2.575272798538208008e+00
5.191034793853759766e+00,-2.482581615447998047e+00
8.710739135742187500e+00,-2.849190711975097656e+00
5.903934001922607422e+00,-3.120266437530517578e+00
5.609604835510253906e+00,-3.382768869400024414e+00
5.466925144195556641e+00,-3.487145900726318359e+00
4.406640529632568359e+00,-3.657605171203613281e+00
5.003323078155517578e+00,-3.215756416320800781e+00
8.486260414123535156e+00,-3.748156309127807617e+00
7.699227809906005859e+00,-3.351488113403320312e+00
6.390954017639160156e+00,-3.208785295486450195e+00
5.270598888397216797e+00,-2.748450994491577148e+00
5.939380645751953125e+00,-2.624878644943237305e+00
7.094655990600585938e+00,-2.691154003143310547e+00
8.339933395385742188e+00,-3.774494409561157227e+00
8.617473602294921875e+00,-2.439849138259887695e+00
7.091888904571533203e+00,-1.978703379631042480e+00
6.529414176940917969e+00,-1.776162028312683105e+00
6.689275741577148438e+00,-1.851567745208740234e+00
8.173450469970703125e+00,-2.506711244583129883e+00
8.488239288330078125e+00,-3.842871189117431641e+00
7.953823566436767578e+00,-3.481448650360107422e+00
6.806972503662109375e+00,-3.318089008331298828e+00
5.567629337310791016e+00,-3.398258447647094727e+00
6.594325542449951172e+00,-2.387491703033447266e+00
7.759245395660400391e+00,-2.784304618835449219e+00
8.390014648437500000e+00,-3.753543853759765625e+00
8.368221282958984375e+00,-3.101665735244750977e+00
6.969029903411865234e+00,-1.648049473762512207e+00
1.082477378845214844e+01,2.540587186813354492e+00
6.834807395935058594e+00,-1.508100152015686035e+00
8.319832801818847656e+00,-2.721209049224853516e+00
8.511208534240722656e+00,-3.918080806732177734e+00
8.291343688964843750e+00,-3.353316545486450195e+00
6.865370750427246094e+00,-3.144323348999023438e+00
5.533212184906005859e+00,-3.424632310867309570e+00
6.489963054656982422e+00,-2.247820377349853516e+00
7.742789745330810547e+00,-2.782811641693115234e+00
8.440895080566406250e+00,-3.806145191192626953e+00
8.425795555114746094e+00,-3.496274232864379883e+00
7.003395557403564453e+00,-3.491492986679077148e+00
5.807792663574218750e+00,-3.742610216140747070e+00
6.792581081390380859e+00,-2.304705619812011719e+00
7.768567562103271484e+00,-2.694237470626831055e+00
7.998184680938720703e+00,-3.248216152191162109e+00
7.664117813110351562e+00,-2.616200685501098633e+00
6.989894390106201172e+00,-2.563863992691040039e+00
6.444282054901123047e+00,-4.568439006805419922e+00
7.244721889495849609e+00,-3.701632738113403320e+00
8.283071517944335938e+00,-3.314598798751831055e+00
8.137860298156738281e+00,-2.918437242507934570e+00
7.600625038146972656e+00,-2.512931823730468750e+00
6.809424877166748047e+00,-1.599410176277160645e+00
1.089460849761962891e+01,2.471055746078491211e+00
7.038487434387207031e+00,-1.555432796478271484e+00
8.679266929626464844e+00,-3.156485319137573242e+00
8.191379547119140625e+00,-3.188734769821166992e+00
7.387906551361083984e+00,-2.668172836303710938e+00
6.721590042114257812e+00,-2.685598134994506836e+00
6.103580474853515625e+00,-4.121373653411865234e+00
7.037280559539794922e+00,-3.877880573272705078e+00
7.838222503662109375e+00,-3.412532329559326172e+00
8.311610221862792969e+00,-2.800233364105224609e+00
8.309426307678222656e+00,-2.460338592529296875e+00
6.810578346252441406e+00,-1.821481823921203613e+00
6.787398815155029297e+00,-1.814187288284301758e+00
6.895306110382080078e+00,-1.859918117523193359e+00
8.572593688964843750e+00,-2.566607713699340820e+00
8.831438064575195312e+00,-2.939248561859130859e+00
5.728137969970703125e+00,-4.745178222656250000e+00
5.436616897583007812e+00,-4.480774402618408203e+00
5.738725662231445312e+00,-3.899659156799316406e+00
6.147610664367675781e+00,-3.831682443618774414e+00
6.569890499114990234e+00,-4.078895092010498047e+00
8.687253952026367188e+00,-2.868144512176513672e+00
6.320064067840576172e+00,-4.937258243560791016e+00
6.180222034454345703e+00,-4.577395439147949219e+00
6.415229797363281250e+00,-4.562005043029785156e+00
6.655594825744628906e+00,-4.783963680267333984e+00
6.928085327148437500e+00,-4.485125064849853516e+00
8.334845542907714844e+00,-3.875651597976684570e+00
8.737888336181640625e+00,-2.450760602951049805e+00
6.891777038574218750e+00,-1.843310117721557617e+00
6.661165237426757812e+00,-1.779841899871826172e+00
6.757876396179199219e+00,-1.714107513427734375e+00
8.365839958190917969e+00,-2.343261003494262695e+00
8.313681602478027344e+00,-3.746201515197753906e+00
7.547504425048828125e+00,-3.553750991821289062e+00
6.854870796203613281e+00,-3.801692724227905273e+00
6.355154037475585938e+00,-4.442177295684814453e+00
6.755486011505126953e+00,-2.586385011672973633e+00
7.225205421447753906e+00,-2.541681289672851562e+00
8.411106109619140625e+00,-3.863452911376953125e+00
8.546523094177246094e+00,-3.105558395385742188e+00
6.957570552825927734e+00,-1.642649173736572266e+00
1.083714389801025391e+01,2.549416780471801758e+00
6.817750930786132812e+00,-1.699641704559326172e+00
8.066758155822753906e+00,-2.674455642700195312e+00
8.360429763793945312e+00,-3.843565940856933594e+00
8.425539016723632812e+00,-3.459620952606201172e+00
6.972246170043945312e+00,-3.406729698181152344e+00
5.881889343261718750e+00,-4.003989219665527344e+00
6.843222618103027344e+00,-2.446134567260742188e+00
7.793638706207275391e+00,-2.659085750579833984e+00
1.170320606231689453e+01,-3.727845668792724609e+00
1.177209091186523438e+01,-3.618515491485595703e+00
1.139015674591064453e+01,-3.812563419342041016e+00
9.517885208129882812e+00,-1.905409336090087891e+00
1.176798439025878906e+01,-2.830350160598754883e+00
1.197656345367431641e+01,-2.376583576202392578e+00
1.224276638031005859e+01,-2.082158565521240234e+00
1.194884586334228516e+01,-2.452331781387329102e+00
1.174528312683105469e+01,-2.945982694625854492e+00
9.500497817993164062e+00,-1.892179965972900391e+00
1.139949035644531250e+01,-3.826425313949584961e+00
1.163196086883544922e+01,-3.760747671127319336e+00
1.055012130737304688e+01,-3.787457466125488281e+00
1.045750141143798828e+01,-3.711060762405395508e+00
1.030280590057373047e+01,-3.749214172363281250e+00
9.209752082824707031e+00,-2.060374021530151367e+00
9.950283050537109375e+00,-3.821631908416748047e+00
9.989772796630859375e+00,-3.892294645309448242e+00
1.002684307098388672e+01,-3.863844633102416992e+00
9.998284339904785156e+00,-3.902214288711547852e+00
9.716084480285644531e+00,-3.689775705337524414e+00
9.310064315795898438e+00,-2.033251762390136719e+00
1.037677955627441406e+01,-3.761068105697631836e+00
1.047072887420654297e+01,-3.981813192367553711e+00
6.769549846649169922e+00,-7.463238835334777832e-01
6.873891830444335938e+00,-6.496164798736572266e-01
6.874655246734619141e+00,-7.540525794029235840e-01
8.358475685119628906e+00,-1.295459270477294922e-01
7.184635639190673828e+00,-7.210915684700012207e-01
6.904289245605468750e+00,-5.944677591323852539e-01
6.773190021514892578e+00,-6.680589318275451660e-01
6.842310905456542969e+00,-6.590494513511657715e-01
6.923040390014648438e+00,-7.701575756072998047e-01
8.676622390747070312e+00,-7.578141689300537109e-01
6.776228904724121094e+00,-7.885981202125549316e-01
6.693067550659179688e+00,-7.211389541625976562e-01
1.377896785736083984e+01,-6.081430435180664062e+00
1.647623062133789062e+01,-9.591805934906005859e-01
4.563335895538330078e+00,1.959241151809692383e+00
7.969891071319580078e+00,1.610320091247558594e+00
8.028282165527343750e+00,3.035692214965820312e+00
8.426819801330566406e+00,3.265110492706298828e+00
3.564489603042602539e+00,6.484344005584716797e+00
8.611972808837890625e+00,3.481314659118652344e+00
8.186100959777832031e+00,2.383852720260620117e+00
7.585590839385986328e+00,2.178935289382934570e+00
6.037009239196777344e+00,1.620401978492736816e+00
1.668186569213867188e+01,1.089060497283935547e+01
7.053985595703125000e+00,-9.911392927169799805e-01
7.053535938262939453e+00,-1.058084487915039062e+00
6.972715854644775391e+00,-1.109796404838562012e+00
7.802780628204345703e+00,-1.452268213033676147e-01
7.294646263122558594e+00,-7.692859768867492676e-01
7.149919986724853516e+00,-9.157028198242187500e-01
7.156736850738525391e+00,-9.639508128166198730e-01
7.227622509002685547e+00,-9.383162260055541992e-01
7.964824676513671875e+00,-1.619082570075988770e+00
8.029644012451171875e+00,-6.734821945428848267e-02
6.961750507354736328e+00,-1.160215020179748535e+00
7.003125190734863281e+00,-1.056244969367980957e+00
1.011080074310302734e+01,-4.171936988830566406e+00
1.030554294586181641e+01,-3.992488861083984375e+00
9.693037986755371094e+00,-4.141058444976806641e+00
9.826704978942871094e+00,-2.985179662704467773e+00
9.345355987548828125e+00,-3.381013154983520508e+00
9.521566390991210938e+00,-3.805125951766967773e+00
9.585952758789062500e+00,-3.893265962600708008e+00
9.662443161010742188e+00,-3.784880399703979492e+00
9.637123107910156250e+00,-3.522691249847412109e+00
9.802996635437011719e+00,-2.830154180526733398e+00
9.869634628295898438e+00,-3.808271169662475586e+00
1.018661975860595703e+01,-4.032988071441650391e+00
1.175617313385009766e+01,-3.674907922744750977e+00
1.168756484985351562e+01,-3.667670249938964844e+00
1.137516880035400391e+01,-3.851420879364013672e+00
9.464811325073242188e+00,-2.048999071121215820e+00
1.181053256988525391e+01,-2.925503015518188477e+00
1.198197078704833984e+01,-2.412260293960571289e+00
1.193403625488281250e+01,-2.185919284820556641e+00
1.198631763458251953e+01,-2.441116571426391602e+00
1.185892772674560547e+01,-3.035099029541015625e+00
1.175294399261474609e+01,-3.110277414321899414e+00
1.132715034484863281e+01,-3.791480064392089844e+00
1.173000240325927734e+01,-3.612464189529418945e+00
1.048122692108154297e+01,-3.932607889175415039e+00
1.038729381561279297e+01,-3.987520933151245117e+00
1.040658855438232422e+01,-3.994368076324462891e+00
9.629692077636718750e+00,-2.120595932006835938e+00
9.878845214843750000e+00,-3.476803302764892578e+00
9.866225242614746094e+00,-3.583324193954467773e+00
9.966234207153320312e+00,-3.574801921844482422e+00
9.874024391174316406e+00,-3.563413143157958984e+00
9.677085876464843750e+00,-3.519594669342041016e+00
9.380215644836425781e+00,-2.199786901473999023e+00
1.021849632263183594e+01,-3.523431062698364258e+00
1.041402912139892578e+01,-3.757374525070190430e+00
7.151506423950195312e+00,-3.071107566356658936e-01
7.237922191619873047e+00,-2.227823287248611450e-01
7.401746749877929688e+00,-6.224710941314697266e-01
8.217646598815917969e+00,-1.564665079116821289e+00
7.295165538787841797e+00,-6.591537594795227051e-01
7.269045352935791016e+00,-5.033159852027893066e-01
7.238615989685058594e+00,-4.112917184829711914e-01
7.262831211090087891e+00,-5.571317076683044434e-01
7.491268634796142578e+00,-3.862246572971343994e-01
7.975617885589599609e+00,-1.342431902885437012e+00
6.991330623626708984e+00,-7.873120307922363281e-01
6.929870605468750000e+00,-7.511563301086425781e-01
6.599711418151855469e+00,9.724214673042297363e-01
7.057866096496582031e+00,6.394639968872070312e+00
7.320638179779052734e+00,-6.266168594360351562e+00
7.854922771453857422e+00,9.257491827011108398e-01
7.469143867492675781e+00,2.624081373214721680e+00
8.485892295837402344e+00,3.338168144226074219e+00
8.542222976684570312e+00,2.704875230789184570e+00
8.605365753173828125e+00,3.533248901367187500e+00
7.686159133911132812e+00,3.790301084518432617e+00
8.561211585998535156e+00,2.356675863265991211e+00
6.910639762878417969e+00,1.227702379226684570e+00
6.334928035736083984e+00,1.922992944717407227e+00
7.038913726806640625e+00,-3.855983018875122070e-01
7.054242610931396484e+00,-7.084530591964721680e-01
6.857483863830566406e+00,-6.637154817581176758e-01
7.341680526733398438e+00,-6.633349657058715820e-01
7.080128192901611328e+00,-5.979766249656677246e-01
6.944225311279296875e+00,-5.140759348869323730e-01
6.862142086029052734e+00,-3.812422156333923340e-01
6.893509387969970703e+00,-4.979103207588195801e-01
6.948318004608154297e+00,-4.492924511432647705e-01
7.948301315307617188e+00,-1.164073824882507324e+00
7.157845973968505859e+00,-5.735908746719360352e-01
7.047733306884765625e+00,-4.447804689407348633e-01
1.050290107727050781e+01,-4.100540161132812500e+00
1.030398178100585938e+01,-4.129867553710937500e+00
1.028925228118896484e+01,-3.991023540496826172e+00
9.674984931945800781e+00,-3.464380025863647461e+00
9.961359977722167969e+00,-3.891345262527465820e+00
1.000149154663085938e+01,-4.028062820434570312e+00
1.003893566131591797e+01,-4.015415668487548828e+00
9.960882186889648438e+00,-3.945976257324218750e+00
9.823917388916015625e+00,-3.781539916992187500e+00
9.364604949951171875e+00,-2.660775184631347656e+00
1.016513061523437500e+01,-4.103898525238037109e+00
1.028794574737548828e+01,-4.082998752593994141e+00
1.216809844970703125e+01,-2.254576444625854492e+00
1.227885437011718750e+01,-2.588855743408203125e+00
1.235841941833496094e+01,-2.162436246871948242e+00
1.291565227508544922e+01,2.385272026062011719e+00
1.312207984924316406e+01,2.741983413696289062e+00
1.208431053161621094e+01,-1.893827795982360840e+00
1.209001541137695312e+01,-2.096847534179687500e+00
1.196968078613281250e+01,-2.231324911117553711e+00
1.302344703674316406e+01,1.106654644012451172e+00
1.305279731750488281e+01,2.151646852493286133e+00
1.194140338897705078e+01,-2.418722629547119141e+00
1.218280315399169922e+01,-2.636841773986816406e+00
1.282381057739257812e+01,1.602511882781982422e+00
1.300360965728759766e+01,1.243537902832031250e+00
1.228199958801269531e+01,-2.578566312789916992e+00
1.286228466033935547e+01,2.509782791137695312e+00
1.300732707977294922e+01,2.616577148437500000e+00
1.319090175628662109e+01,2.267268657684326172e+00
1.290753078460693359e+01,1.512354016304016113e+00
1.198976135253906250e+01,-2.118220567703247070e+00
1.285483741760253906e+01,1.229001879692077637e+00
1.262490558624267578e+01,2.669861555099487305e+00
1.303896236419677734e+01,1.659574031829833984e+00
1.304017353057861328e+01,1.621205568313598633e+00
1.207461261749267578e+01,2.262472629547119141e+00
1.225424098968505859e+01,2.286437749862670898e+00
1.264497756958007812e+01,2.223450660705566406e+00
1.211661720275878906e+01,2.847272634506225586e+00
1.214629650115966797e+01,2.582788705825805664e+00
1.212032318115234375e+01,2.298621416091918945e+00
1.224186515808105469e+01,2.290976762771606445e+00
1.270260715484619141e+01,2.495221376419067383e+00
1.197378921508789062e+01,2.732244491577148438e+00
1.222807598114013672e+01,2.825000762939453125e+00
1.189828300476074219e+01,2.223805189132690430e+00
1.205373859405517578e+01,2.230763673782348633e+00
1.647400093078613281e+01,-9.605336189270019531e-01
4.569024562835693359e+00,1.956842899322509766e+00
7.952594757080078125e+00,6.866902709007263184e-01
8.035793304443359375e+00,3.035982131958007812e+00
8.426656723022460938e+00,3.241344451904296875e+00
3.564520120620727539e+00,6.484295368194580078e+00
8.600102424621582031e+00,3.463396549224853516e+00
8.182577133178710938e+00,2.384574174880981445e+00
7.655076503753662109e+00,2.154552221298217773e+00
6.041429996490478516e+00,1.621492862701416016e+00
1.668174171447753906e+01,1.089040184020996094e+01
1.378083610534667969e+01,-6.083674430847167969e+00
7.876744270324707031e+00,-8.217995613813400269e-02
9.515286445617675781e+00,-1.526569128036499023e+00
1.034033012390136719e+01,-1.446350455284118652e+00
9.639774322509765625e+00,-2.304818779230117798e-01
7.844321727752685547e+00,-1.077096462249755859e+00
7.995977401733398438e+00,-1.402670502662658691e+00
8.542932510375976562e+00,-1.406838178634643555e+00
9.801499366760253906e+00,-1.770083308219909668e+00
1.087617588043212891e+01,-4.180087149143218994e-01
8.646720886230468750e+00,7.398189902305603027e-01
7.660198211669921875e+00,-5.123534053564071655e-02
7.815570354461669922e+00,8.963407017290592194e-03
1.030824279785156250e+01,-2.403868675231933594e+00
1.006292057037353516e+01,-2.360345840454101562e+00
1.112517929077148438e+01,-1.110967278480529785e+00
1.004118347167968750e+01,-1.305763274431228638e-01
9.188236236572265625e+00,-8.998442888259887695e-01
9.534025192260742188e+00,-1.641255378723144531e+00
9.904208183288574219e+00,-1.934282422065734863e+00
1.112630367279052734e+01,-1.571164369583129883e+00
1.123909378051757812e+01,-3.914974331855773926e-01
9.393510818481445312e+00,5.718801617622375488e-01
9.915121078491210938e+00,-1.979011178016662598e+00
1.020269775390625000e+01,-2.181100845336914062e+00
1.120658016204833984e+01,-1.708864927291870117e+00
1.091087532043457031e+01,-1.220216155052185059e+00
1.065556430816650391e+01,-1.086482048034667969e+00
9.992381095886230469e+00,-6.935965269804000854e-02
9.514658927917480469e+00,-8.426451683044433594e-01
1.037849712371826172e+01,-1.754439592361450195e+00
1.147294044494628906e+01,-1.837198495864868164e+00
1.122289943695068359e+01,-1.169951200485229492e+00
1.055006027221679688e+01,3.014179766178131104e-01
1.082832050323486328e+01,6.785507202148437500e-01
1.043031024932861328e+01,-2.204768180847167969e+00
1.102731132507324219e+01,-1.935143828392028809e+00
1.277341556549072266e+01,1.957226991653442383e+00
1.336566638946533203e+01,2.163024663925170898e+00
1.319448089599609375e+01,2.186728477478027344e+00
1.261805057525634766e+01,2.011974811553955078e+00
1.330029487609863281e+01,2.413429260253906250e+00
1.218144512176513672e+01,-1.948439836502075195e+00
1.308658218383789062e+01,1.001012921333312988e+00
1.320075798034667969e+01,1.222664833068847656e+00
1.277449035644531250e+01,1.426724553108215332e+00
1.271786785125732422e+01,2.259780168533325195e+00
1.229140472412109375e+01,-2.610836267471313477e+00
1.235070133209228516e+01,-2.208541393280029297e+00
1.222385311126708984e+01,2.213828802108764648e+00
1.219781970977783203e+01,2.226662635803222656e+00
1.221422195434570312e+01,2.296256065368652344e+00
1.178453636169433594e+01,1.889252901077270508e+00
1.193799877166748047e+01,2.433687925338745117e+00
1.255200767517089844e+01,1.694809198379516602e+00
1.205129146575927734e+01,1.714579939842224121e+00
1.201317787170410156e+01,1.811888575553894043e+00
1.193699645996093750e+01,1.768785119056701660e+00
1.176983928680419922e+01,1.886928081512451172e+00
1.275084972381591797e+01,1.700708270072937012e+00
1.241872310638427734e+01,2.036038160324096680e+00
6.341529846191406250e+00,1.918411493301391602e+00
6.601588726043701172e+00,9.785668253898620605e-01
7.058997631072998047e+00,6.395602703094482422e+00
7.322168350219726562e+00,-6.261542797088623047e+00
7.921388149261474609e+00,2.203866958618164062e+00
7.460128307342529297e+00,2.613762617111206055e+00
8.467736244201660156e+00,3.325159549713134766e+00
8.555320739746093750e+00,2.707592010498046875e+00
8.603479385375976562e+00,3.519124984741210938e+00
7.698967456817626953e+00,3.802728891372680664e+00
8.570771217346191406e+00,2.351613044738769531e+00
6.916414260864257812e+00,1.217985272407531738e+00
7.800463199615478516e+00,-9.130592346191406250e-01
7.637519359588623047e+00,-9.391548037528991699e-01
7.416149616241455078e+00,-7.322690486907958984e-01
8.542180061340332031e+00,2.452543079853057861e-01
1.003883743286132812e+01,-1.042257547378540039e+00
1.084560298919677734e+01,-6.068639755249023438e-01
8.868308067321777344e+00,-2.427905797958374023e-02
8.361831665039062500e+00,2.950154244899749756e-01
8.484870910644531250e+00,5.000947117805480957e-01
9.405555725097656250e+00,5.347831845283508301e-01
1.108523941040039062e+01,-6.766113638877868652e-01
1.007260513305664062e+01,-4.517179429531097412e-01
1.056515693664550781e+01,-1.116608142852783203e+00
1.040703964233398438e+01,-9.778166413307189941e-01
1.017463397979736328e+01,-6.414274573326110840e-01
9.666327476501464844e+00,-1.118510216474533081e-02
1.004658222198486328e+01,-9.742420315742492676e-01
1.129124641418457031e+01,-1.327904462814331055e+00
1.079161357879638672e+01,-9.090536236763000488e-01
9.908167839050292969e+00,-7.507299780845642090e-01
9.763720512390136719e+00,4.057112932205200195e-01
1.105923748016357422e+01,6.967064738273620605e-01
1.110083103179931641e+01,-1.564735412597656250e+00
1.128408432006835938e+01,-1.264854550361633301e+00
1.221290683746337891e+01,-2.716881990432739258e+00
1.347054862976074219e+01,2.346320390701293945e+00
1.316099929809570312e+01,2.576231002807617188e+00
1.203073883056640625e+01,2.818252801895141602e+00
1.287129402160644531e+01,2.871730327606201172e+00
1.312433338165283203e+01,2.668845891952514648e+00
1.215624046325683594e+01,-2.327900171279907227e+00
1.319752407073974609e+01,9.058981537818908691e-01
1.257177543640136719e+01,1.427391290664672852e+00
1.171539306640625000e+01,2.642350196838378906e+00
1.275388145446777344e+01,1.494793057441711426e+00
1.210709476470947266e+01,-2.262369632720947266e+00
1.211130237579345703e+01,-2.407001495361328125e+00
1.225262260437011719e+01,-2.719439983367919922e+00
1.329150962829589844e+01,2.521944284439086914e+00
1.208622264862060547e+01,2.944937944412231445e+00
1.268305301666259766e+01,2.916332244873046875e+00
1.311567592620849609e+01,2.758235454559326172e+00
1.201605319976806641e+01,-2.146327733993530273e+00
1.312326526641845703e+01,9.674602746963500977e-01
1.246581172943115234e+01,1.532757997512817383e+00
1.170035552978515625e+01,2.619123220443725586e+00
1.221315670013427734e+01,1.775325179100036621e+00
1.301483440399169922e+01,1.588254094123840332e+00
1.225221538543701172e+01,2.163840293884277344e+00
1.327546882629394531e+01,2.022304058074951172e+00
1.255071353912353516e+01,2.883949279785156250e+00
1.208922481536865234e+01,2.903199434280395508e+00
1.218445587158203125e+01,2.907920837402343750e+00
1.229902267456054688e+01,2.863671779632568359e+00
1.296839332580566406e+01,2.765373706817626953e+00
1.291607284545898438e+01,1.823192477226257324e+00
1.195345783233642578e+01,2.615443468093872070e+00
1.198542213439941406e+01,2.758106231689453125e+00
1.189747047424316406e+01,2.556378364562988281e+00
1.182552814483642578e+01,2.044688463211059570e+00
4.566515445709228516e+00,1.957975268363952637e+00
8.005106925964355469e+00,6.407535076141357422e-01
8.053526878356933594e+00,3.037191152572631836e+00
8.434097290039062500e+00,3.285709619522094727e+00
3.564356088638305664e+00,6.484261512756347656e+00
8.609758377075195312e+00,3.420794725418090820e+00
8.193536758422851562e+00,2.395635604858398438e+00
7.948800563812255859e+00,7.355706691741943359e-01
6.053361415863037109e+00,1.619847893714904785e+00
1.668190765380859375e+01,1.089088058471679688e+01
1.378218555450439453e+01,-6.085264205932617188e+00
1.646203422546386719e+01,-9.457831382751464844e-01
9.730045318603515625e+00,-4.109226912260055542e-02
1.087923908233642578e+01,-1.492591381072998047e+00
1.039861869812011719e+01,-4.128028154373168945e-01
9.028043746948242188e+00,3.395763933658599854e-01
8.140901565551757812e+00,-7.146208882331848145e-01
8.796632766723632812e+00,-1.254310727119445801e+00
9.984152793884277344e+00,-1.730388402938842773e+00
1.098196697235107422e+01,-4.812303781509399414e-01
9.712378501892089844e+00,4.605024456977844238e-01
8.690900802612304688e+00,7.218757867813110352e-01
8.580361366271972656e+00,7.071885466575622559e-01
9.162889480590820312e+00,6.868767142295837402e-01
1.066094017028808594e+01,-1.971461892127990723e+00
1.129513549804687500e+01,-1.213463425636291504e+00
1.057059192657470703e+01,-6.174212694168090820e-01
9.174398422241210938e+00,2.179259210824966431e-01
9.022861480712890625e+00,-8.839305639266967773e-01
9.782958030700683594e+00,-1.598482966423034668e+00
1.105902576446533203e+01,-1.500253796577453613e+00
1.134680175781250000e+01,-9.733433127403259277e-01
9.895048141479492188e+00,5.135556459426879883e-01
9.184387207031250000e+00,7.798302769660949707e-01
9.974944114685058594e+00,9.960549473762512207e-01
1.065039920806884766e+01,-2.135821342468261719e+00
1.134337902069091797e+01,-1.605851411819458008e+00
1.074745368957519531e+01,-1.117049455642700195e+00
1.040126609802246094e+01,-5.639154314994812012e-01
9.426290512084960938e+00,2.036776393651962280e-01
9.298188209533691406e+00,-8.743399977684020996e-01
9.963528633117675781e+00,-1.656899213790893555e+00
1.146253585815429688e+01,-1.458368420600891113e+00
1.075593090057373047e+01,-7.113730907440185547e-01
9.857148170471191406e+00,4.647598266601562500e-01
9.252312660217285156e+00,7.449893355369567871e-01
1.021218299865722656e+01,1.081389069557189941e+00
1.071533393859863281e+01,-2.171361446380615234e+00
1.241128540039062500e+01,-2.144026994705200195e+00
1.332197093963623047e+01,2.370795726776123047e+00
1.264335155487060547e+01,2.746055126190185547e+00
1.197048759460449219e+01,2.736681222915649414e+00
1.278951644897460938e+01,2.902468919754028320e+00
1.328692340850830078e+01,1.784822821617126465e+00
1.220651340484619141e+01,-2.112582683563232422e+00
1.320005989074707031e+01,1.194891333580017090e+00
1.207791042327880859e+01,1.499064445495605469e+00
1.167647361755371094e+01,2.306199073791503906e+00
1.284323787689208984e+01,1.406806468963623047e+00
1.226309108734130859e+01,-2.646502494812011719e+00
1.249884319305419922e+01,2.395448446273803711e+00
1.211935901641845703e+01,2.683485507965087891e+00
1.198719692230224609e+01,2.510107755661010742e+00
1.176973819732666016e+01,2.162609577178955078e+00
1.169764614105224609e+01,2.629920959472656250e+00
1.308228588104248047e+01,2.335018157958984375e+00
1.320094108581542969e+01,1.175390124320983887e+00
1.191094970703125000e+01,1.710635423660278320e+00
1.176448726654052734e+01,1.735567331314086914e+00
1.170696544647216797e+01,1.933157086372375488e+00
1.220257472991943359e+01,1.567509293556213379e+00
1.303427219390869141e+01,1.770680189132690430e+00
6.914211273193359375e+00,1.218486309051513672e+00
6.334729194641113281e+00,1.928192615509033203e+00
6.600144386291503906e+00,9.781370759010314941e-01
7.068591117858886719e+00,6.392853260040283203e+00
7.321151733398437500e+00,-6.264816761016845703e+00
7.976494312286376953e+00,2.140452623367309570e+00
7.477960586547851562e+00,2.623547315597534180e+00
8.467174530029296875e+00,3.308522701263427734e+00
8.541120529174804688e+00,2.669041872024536133e+00
8.614109992980957031e+00,3.529708862304687500e+00
7.690634250640869141e+00,3.802679300308227539e+00
7.791588783264160156e+00,8.790058493614196777e-01
1.013443851470947266e+01,-3.552905917167663574e-01
9.932977676391601562e+00,-3.934285640716552734e-01
7.746331214904785156e+00,-7.022084593772888184e-01
8.719390869140625000e+00,2.631688117980957031e-01
9.158796310424804688e+00,-8.000156879425048828e-01
1.015478897094726562e+01,-1.159537672996520996e+00
1.088168811798095703e+01,-5.794909596443176270e-01
9.520424842834472656e+00,3.453095853328704834e-01
8.448893547058105469e+00,5.405494570732116699e-01
8.843234062194824219e+00,8.855742216110229492e-01
1.010542678833007812e+01,8.189212083816528320e-01
1.119002437591552734e+01,-7.296851277351379395e-01
1.098378944396972656e+01,-1.107372522354125977e+00
1.047375392913818359e+01,-7.213305234909057617e-01
1.017801761627197266e+01,-4.268429577350616455e-01
9.468552589416503906e+00,1.167700886726379395e-01
9.357441902160644531e+00,-7.706550955772399902e-01
1.030867576599121094e+01,-1.599455237388610840e+00
1.151392936706542969e+01,-1.191995024681091309e+00
1.056978797912597656e+01,-6.093475818634033203e-01
9.637261390686035156e+00,4.329895377159118652e-01
9.103826522827148438e+00,8.522590994834899902e-01
1.029195690155029297e+01,1.142524480819702148e+00
1.136094093322753906e+01,-1.292813301086425781e+00
1.218616676330566406e+01,-2.729357004165649414e+00
1.344291114807128906e+01,2.404488801956176758e+00
1.274641990661621094e+01,2.884107112884521484e+00
1.183687114715576172e+01,2.881013870239257812e+00
1.281889438629150391e+01,2.904495239257812500e+00
1.315119075775146484e+01,2.695471763610839844e+00
1.226965045928955078e+01,-2.365827560424804688e+00
1.314573478698730469e+01,1.006856679916381836e+00
1.262223052978515625e+01,1.445551991462707520e+00
1.171297931671142578e+01,2.598490238189697266e+00
1.268353176116943359e+01,1.441313266754150391e+00
1.277937507629394531e+01,9.462987780570983887e-01
1.220761013031005859e+01,-2.679170608520507812e+00
1.341812038421630859e+01,2.372312545776367188e+00
1.266688442230224609e+01,2.869041442871093750e+00
1.199713611602783203e+01,2.953294038772583008e+00
1.271704292297363281e+01,2.950825691223144531e+00
1.311061382293701172e+01,2.741099119186401367e+00
1.227641963958740234e+01,-2.362874031066894531e+00
1.312116909027099609e+01,1.153900265693664551e+00
1.213817310333251953e+01,1.658021092414855957e+00
1.175805091857910156e+01,2.651741504669189453e+00
1.217876052856445312e+01,1.605701804161071777e+00
1.284780883789062500e+01,1.237765908241271973e+00
1.332790756225585938e+01,1.974066972732543945e+00
1.324389362335205078e+01,2.567462444305419922e+00
1.216018199920654297e+01,2.839411735534667969e+00
1.208485984802246094e+01,2.878619909286499023e+00
1.220365810394287109e+01,2.899123907089233398e+00
1.302033138275146484e+01,2.807322978973388672e+00
1.308458328247070312e+01,2.023300647735595703e+00
1.210541343688964844e+01,1.964321494102478027e+00
1.185110569000244141e+01,2.549702405929565430e+00
1.202202415466308594e+01,2.764077186584472656e+00
1.183021068572998047e+01,2.486001253128051758e+00
1.207481002807617188e+01,2.153223514556884766e+00
7.997579574584960938e+00,6.564806699752807617e-01
8.055956840515136719e+00,3.029365062713623047e+00
8.383427619934082031e+00,3.253713846206665039e+00
3.566488504409790039e+00,6.483242988586425781e+00
8.579121589660644531e+00,3.415201425552368164e+00
8.198702812194824219e+00,2.395312547683715820e+00
7.943977355957031250e+00,7.574839591979980469e-01
6.047194004058837891e+00,1.620602965354919434e+00
1.668077087402343750e+01,1.088913822174072266e+01
1.378238105773925781e+01,-6.085583686828613281e+00
1.647855758666992188e+01,-9.601513147354125977e-01
4.565109252929687500e+00,1.958612918853759766e+00
1.111387634277343750e+01,-3.006774783134460449e-01
1.065109443664550781e+01,-8.094892501831054688e-01
7.868620872497558594e+00,-6.483551263809204102e-01
8.972603797912597656e+00,3.250500857830047607e-01
8.101594924926757812e+00,-1.125928521156311035e+00
9.893774032592773438e+00,-1.590587973594665527e+00
1.083737850189208984e+01,-9.337754249572753906e-01
9.872825622558593750e+00,2.052225321531295776e-01
8.903915405273437500e+00,4.960299432277679443e-01
8.721249580383300781e+00,6.462562680244445801e-01
8.712453842163085938e+00,5.801097750663757324e-01
9.950057029724121094e+00,7.147895693778991699e-01
1.128824710845947266e+01,-1.537029147148132324e+00
1.063584995269775391e+01,-1.027197837829589844e+00
1.022743606567382812e+01,-3.504901230335235596e-01
9.100059509277343750e+00,2.793058454990386963e-01
9.132548332214355469e+00,-8.790366053581237793e-01
9.939270973205566406e+00,-1.661879897117614746e+00
1.124063587188720703e+01,-1.234635591506958008e+00
1.086724090576171875e+01,-5.173026919364929199e-01
9.763406753540039062e+00,3.978171348571777344e-01
9.091325759887695312e+00,8.174790143966674805e-01
9.922081947326660156e+00,1.018517971038818359e+00
1.067199325561523438e+01,-2.169279575347900391e+00
1.137233352661132812e+01,-1.531869053840637207e+00
1.064408779144287109e+01,-9.872860908508300781e-01
1.023661708831787109e+01,-3.604148626327514648e-01
9.228698730468750000e+00,2.545832991600036621e-01
9.254545211791992188e+00,-8.245609998703002930e-01
9.900796890258789062e+00,-1.671034693717956543e+00
1.127384185791015625e+01,-1.284293055534362793e+00
1.084881687164306641e+01,-6.775504946708679199e-01
9.821318626403808594e+00,4.436155557632446289e-01
9.173425674438476562e+00,8.447023034095764160e-01
9.923263549804687500e+00,1.030286192893981934e+00
1.065256309509277344e+01,-2.247605800628662109e+00
1.228834629058837891e+01,-2.609494447708129883e+00
1.340438175201416016e+01,2.458371162414550781e+00
1.252955532073974609e+01,2.906675577163696289e+00
1.190351676940917969e+01,2.831505060195922852e+00
1.261254501342773438e+01,2.969985961914062500e+00
1.313829708099365234e+01,2.674627065658569336e+00
1.222618865966796875e+01,-2.417260885238647461e+00
1.312248134613037109e+01,1.079303383827209473e+00
1.213850116729736328e+01,1.516004323959350586e+00
1.163760566711425781e+01,2.312700510025024414e+00
1.249858570098876953e+01,1.443006157875061035e+00
1.275937652587890625e+01,1.100532412528991699e+00
1.305946159362792969e+01,2.000848293304443359e+00
1.236291503906250000e+01,2.638231754302978516e+00
1.192615032196044922e+01,2.578772306442260742e+00
1.169093990325927734e+01,2.250419855117797852e+00
1.185034465789794922e+01,2.703562736511230469e+00
1.239251708984375000e+01,2.840075731277465820e+00
1.297508144378662109e+01,2.301238536834716797e+00
1.313079929351806641e+01,1.102085590362548828e+00
1.183557796478271484e+01,1.677910208702087402e+00
1.165254020690917969e+01,1.860904812812805176e+00
1.176255893707275391e+01,1.662137866020202637e+00
1.291367435455322266e+01,1.325797080993652344e+00
7.823493957519531250e+00,9.115119576454162598e-01
6.921816349029541016e+00,1.245884895324707031e+00
6.339430332183837891e+00,1.917433857917785645e+00
6.594077110290527344e+00,9.724460244178771973e-01
7.060044288635253906e+00,6.394801139831542969e+00
7.320626258850097656e+00,-6.267569541931152344e+00
7.855688095092773438e+00,9.381758570671081543e-01
7.462610721588134766e+00,2.610008955001831055e+00
8.460869789123535156e+00,3.317170143127441406e+00
7.443509101867675781e+00,6.281066417694091797e+00
8.583154678344726562e+00,3.564976215362548828e+00
7.694354057312011719e+00,3.785257339477539062e+00
1.124538040161132812e+01,-5.647152066230773926e-01
1.018062591552734375e+01,-2.028752714395523071e-01
8.156734466552734375e+00,-6.771925091743469238e-01
8.805394172668457031e+00,2.327166944742202759e-01
8.392608642578125000e+00,-1.111794114112854004e+00
9.016225814819335938e+00,-1.083362340927124023e+00
1.017873001098632812e+01,-1.120671868324279785e+00
1.085596561431884766e+01,-4.854862689971923828e-01
8.628929138183593750e+00,5.075695514678955078e-01
8.805847167968750000e+00,8.844056129455566406e-01
8.612656593322753906e+00,6.929581165313720703e-01
1.085951805114746094e+01,-2.276676177978515625e+00
1.135479831695556641e+01,-1.419577121734619141e+00
1.055233287811279297e+01,-8.133031725883483887e-01
1.024031066894531250e+01,-3.301044702529907227e-01
9.177422523498535156e+00,2.656497359275817871e-01
9.195007324218750000e+00,-8.315280079841613770e-01
9.770605087280273438e+00,-1.640896439552307129e+00
1.113175773620605469e+01,-1.356772065162658691e+00
1.086993694305419922e+01,-5.989025831222534180e-01
9.755620956420898438e+00,4.107253551483154297e-01
9.011989593505859375e+00,8.328287601470947266e-01
9.924405097961425781e+00,9.994436502456665039e-01
1.075340938568115234e+01,-2.195389509201049805e+00
1.211630535125732422e+01,-2.662027120590209961e+00
1.344669437408447266e+01,2.421374797821044922e+00
1.273920059204101562e+01,2.890761852264404297e+00
1.197882080078125000e+01,2.896365642547607422e+00
1.308113288879394531e+01,2.766099452972412109e+00
1.316670322418212891e+01,2.597971200942993164e+00
1.223085212707519531e+01,-2.419054508209228516e+00
1.311142921447753906e+01,8.752628564834594727e-01
1.288175773620605469e+01,1.351814627647399902e+00
1.174238777160644531e+01,2.532272815704345703e+00
1.269626903533935547e+01,1.357241988182067871e+00
1.280769252777099609e+01,8.690559267997741699e-01
1.232600784301757812e+01,-2.215074539184570312e+00
1.337917995452880859e+01,2.365837574005126953e+00
1.262692165374755859e+01,2.893432378768920898e+00
1.208491992950439453e+01,2.943494558334350586e+00
1.307910633087158203e+01,2.783664226531982422e+00
1.230516910552978516e+01,-2.492768287658691406e+00
1.247512245178222656e+01,-1.990219831466674805e+00
1.316969585418701172e+01,1.231360435485839844e+00
1.240199279785156250e+01,1.692808151245117188e+00
1.185226631164550781e+01,2.568666934967041016e+00
1.254413700103759766e+01,1.436530113220214844e+00
1.204548263549804688e+01,-2.324263334274291992e+00
1.328592205047607422e+01,2.483897447586059570e+00
1.221480560302734375e+01,2.767724275588989258e+00
1.213925933837890625e+01,2.818162679672241211e+00
1.209521484375000000e+01,2.905614852905273438e+00
1.267017555236816406e+01,2.936560630798339844e+00
1.300361633300781250e+01,2.036436557769775391e+00
1.245451736450195312e+01,1.935756921768188477e+00
1.206818294525146484e+01,1.952326536178588867e+00
1.198668766021728516e+01,2.347615242004394531e+00
1.212730026245117188e+01,2.802092075347900391e+00
1.186340045928955078e+01,2.610871553421020508e+00
1.325535488128662109e+01,2.024271011352539062e+00
8.040979385375976562e+00,3.032629489898681641e+00
8.426649093627929688e+00,3.091532468795776367e+00
3.564423799514770508e+00,6.484364032745361328e+00
8.606698989868164062e+00,3.471392154693603516e+00
8.198816299438476562e+00,2.375298738479614258e+00
7.961750030517578125e+00,7.575984597206115723e-01
6.035377025604248047e+00,1.603675007820129395e+00
1.668176269531250000e+01,1.089040946960449219e+01
1.378160285949707031e+01,-6.085083961486816406e+00
1.647641372680664062e+01,-9.606915712356567383e-01
4.563987731933593750e+00,1.959334373474121094e+00
8.046870231628417969e+00,1.448373317718505859e+00
1.063522529602050781e+01,-9.842064976692199707e-01
1.010670566558837891e+01,-3.803999423980712891e-01
7.731163024902343750e+00,-5.451068878173828125e-01
9.070414543151855469e+00,3.158135414123535156e-01
9.356714248657226562e+00,-8.200365304946899414e-01
1.098831939697265625e+01,-9.701935052871704102e-01
9.999031066894531250e+00,2.728240378201007843e-02
9.328173637390136719e+00,3.709656596183776855e-01
8.522963523864746094e+00,5.111981034278869629e-01
8.671178817749023438e+00,5.104252696037292480e-01
9.477299690246582031e+00,8.556962013244628906e-01
1.105774974822998047e+01,-1.219203472137451172e-01
1.111881732940673828e+01,-1.337059617042541504e+00
1.046983909606933594e+01,-8.189501166343688965e-01
1.024113082885742188e+01,-3.679347634315490723e-01
9.167712211608886719e+00,2.838031053543090820e-01
9.662543296813964844e+00,-9.947911500930786133e-01
1.124420833587646484e+01,-1.427019596099853516e+00
1.131155681610107422e+01,-1.147123456001281738e+00
1.069051265716552734e+01,-5.280408859252929688e-01
9.755434036254882812e+00,4.096731245517730713e-01
9.243597984313964844e+00,7.143108248710632324e-01
9.952733039855957031e+00,1.014520168304443359e+00
1.064919471740722656e+01,-1.930050611495971680e+00
1.132711791992187500e+01,-1.593024969100952148e+00
1.065144538879394531e+01,-1.052172899246215820e+00
1.034082126617431641e+01,-3.577670753002166748e-01
9.343931198120117188e+00,2.132379263639450073e-01
9.406328201293945312e+00,-9.222267270088195801e-01
1.006470680236816406e+01,-1.698168635368347168e+00
1.126627635955810547e+01,-1.425106763839721680e+00
1.091014289855957031e+01,-7.165272831916809082e-01
1.016587829589843750e+01,3.443406820297241211e-01
9.279866218566894531e+00,7.328993678092956543e-01
9.922853469848632812e+00,1.069025874137878418e+00
1.057252979278564453e+01,-2.216059207916259766e+00
1.201615715026855469e+01,-2.378405809402465820e+00
1.242106342315673828e+01,-2.158414125442504883e+00
1.264715480804443359e+01,2.938642978668212891e+00
1.199972534179687500e+01,2.757259130477905273e+00
1.265696239471435547e+01,2.886451959609985352e+00
1.311005878448486328e+01,2.727355003356933594e+00
1.317446517944335938e+01,1.674398303031921387e+00
1.232099628448486328e+01,-2.524391412734985352e+00
1.301878452301025391e+01,1.190878868103027344e+00
1.167838859558105469e+01,2.387333154678344727e+00
1.247353458404541016e+01,1.395910501480102539e+00
1.284269618988037109e+01,1.323203444480895996e+00
1.286236000061035156e+01,1.350696682929992676e+00
1.285964298248291016e+01,2.053651332855224609e+00
1.187974643707275391e+01,2.526481389999389648e+00
1.169546127319335938e+01,2.088458299636840820e+00
1.190142631530761719e+01,2.601723194122314453e+00
1.231266498565673828e+01,2.814880609512329102e+00
1.245408916473388672e+01,2.709618330001831055e+00
1.297940158843994141e+01,2.163785696029663086e+00
1.207612609863281250e+01,1.596995472908020020e+00
1.164411926269531250e+01,1.886540174484252930e+00
1.167475605010986328e+01,1.740183711051940918e+00
1.180212783813476562e+01,1.585523843765258789e+00
7.687175750732421875e+00,3.804125547409057617e+00
7.817308902740478516e+00,9.103443622589111328e-01
6.916383743286132812e+00,1.218187570571899414e+00
6.350787639617919922e+00,1.939351201057434082e+00
6.603674411773681641e+00,9.692721962928771973e-01
7.057845592498779297e+00,6.396287441253662109e+00
7.336284637451171875e+00,-6.263030529022216797e+00
7.882486343383789062e+00,8.977953791618347168e-01
7.449468612670898438e+00,2.622117996215820312e+00
8.462749481201171875e+00,3.305572986602783203e+00
8.541359901428222656e+00,2.676053047180175781e+00
8.605444908142089844e+00,3.533180713653564453e+00
1.074252796173095703e+01,-2.186144590377807617e+00
1.125176143646240234e+01,-4.396231472492218018e-01
1.025782775878906250e+01,-3.657153844833374023e-01
8.192593574523925781e+00,-7.749248743057250977e-01
8.024854660034179688e+00,-1.080678582191467285e+00
8.781090736389160156e+00,-1.022513389587402344e+00
9.090572357177734375e+00,-1.396316766738891602e+00
1.042434120178222656e+01,-1.196743726730346680e+00
9.863245010375976562e+00,3.255760073661804199e-01
8.789243698120117188e+00,8.474498987197875977e-01
8.515754699707031250e+00,7.209956645965576172e-01
9.630385398864746094e+00,8.685262799263000488e-01
1.091075801849365234e+01,-1.806006669998168945e+00
1.088930511474609375e+01,-9.998498558998107910e-01
1.026989555358886719e+01,-3.550021350383758545e-01
9.278237342834472656e+00,2.403711676597595215e-01
9.165097236633300781e+00,-8.681889176368713379e-01
9.719832420349121094e+00,-1.589912891387939453e+00
1.053464984893798828e+01,-1.653716444969177246e+00
1.163334178924560547e+01,-1.129759073257446289e+00
1.054087638854980469e+01,1.713052541017532349e-01
9.071858406066894531e+00,8.427048921585083008e-01
9.873338699340820312e+00,9.727322459220886230e-01
1.058149814605712891e+01,-2.161372661590576172e+00
1.214168834686279297e+01,-2.300565004348754883e+00
1.231781291961669922e+01,-2.106224536895751953e+00
1.340714359283447266e+01,2.458295822143554688e+00
1.282176399230957031e+01,2.448145627975463867e+00
1.308552646636962891e+01,1.467037796974182129e+00
1.220851039886474609e+01,-2.578985214233398438e+00
1.207818984985351562e+01,-2.574284791946411133e+00
1.225642013549804688e+01,-2.470131874084472656e+00
1.308440303802490234e+01,1.033830881118774414e+00
1.285148239135742188e+01,1.999336600303649902e+00
1.283707141876220703e+01,1.201407790184020996e+00
1.217878055572509766e+01,-2.046994686126708984e+00
1.292424488067626953e+01,1.916862726211547852e+00
1.324630069732666016e+01,2.288756370544433594e+00
1.316297054290771484e+01,2.425505161285400391e+00
1.233773136138916016e+01,2.744013786315917969e+00
1.231887531280517578e+01,-2.529401779174804688e+00
1.241337013244628906e+01,-2.209165334701538086e+00
1.308871746063232422e+01,1.362034082412719727e+00
1.320215511322021484e+01,1.359378933906555176e+00
1.282126522064208984e+01,1.595234155654907227e+00
1.267860126495361328e+01,2.312278985977172852e+00
1.277734851837158203e+01,1.161943674087524414e+00
1.206674289703369141e+01,-2.378438234329223633e+00
1.217002201080322266e+01,2.040846586227416992e+00
1.212187671661376953e+01,2.029991388320922852e+00
1.218505668640136719e+01,2.303169965744018555e+00
1.221321868896484375e+01,2.741301298141479492e+00
1.273924064636230469e+01,2.053817749023437500e+00
1.250190734863281250e+01,2.016323566436767578e+00
1.214627265930175781e+01,1.967045783996582031e+00
1.207161998748779297e+01,2.055589914321899414e+00
1.209403324127197266e+01,2.031459331512451172e+00
1.220427036285400391e+01,2.773642063140869141e+00
1.196727561950683594e+01,2.676324844360351562e+00
1.263982391357421875e+01,2.310526132583618164e+00
8.419819831848144531e+00,3.090631961822509766e+00
3.564498901367187500e+00,6.484383583068847656e+00
8.596282005310058594e+00,3.456763267517089844e+00
8.201633453369140625e+00,2.375675439834594727e+00
7.974086761474609375e+00,7.434433698654174805e-01
6.039573669433593750e+00,1.624208092689514160e+00
1.668188476562500000e+01,1.089064311981201172e+01
1.378206634521484375e+01,-6.085453033447265625e+00
1.647720146179199219e+01,-9.602614641189575195e-01
4.563453674316406250e+00,1.959131956100463867e+00
8.061909675598144531e+00,1.371269822120666504e+00
8.041978836059570312e+00,3.043726444244384766e+00
8.411829948425292969e+00,-1.050986647605895996e+00
7.566287994384765625e+00,-9.269961714744567871e-01
7.653708457946777344e+00,-6.900409460067749023e-01
9.506179809570312500e+00,-1.983087323606014252e-02
1.038325405120849609e+01,-1.028882980346679688e+00
9.222631454467773438e+00,-3.568162024021148682e-01
8.729392051696777344e+00,5.524647608399391174e-02
8.383611679077148438e+00,3.098643124103546143e-01
8.227264404296875000e+00,4.490157961845397949e-01
8.630781173706054688e+00,5.727503895759582520e-01
1.102076816558837891e+01,-1.657115817070007324e-01
1.057418060302734375e+01,-1.008027791976928711e+00
1.064395713806152344e+01,-1.200084090232849121e+00
1.038410854339599609e+01,-8.833017349243164062e-01
1.025632572174072266e+01,-3.413457870483398438e-01
9.627652168273925781e+00,-1.962052881717681885e-01
1.029616069793701172e+01,-1.696635961532592773e+00
1.110570812225341797e+01,-1.367692351341247559e+00
1.079871654510498047e+01,-7.634686827659606934e-01
1.005768966674804688e+01,-8.013664484024047852e-01
9.865170478820800781e+00,-3.961023390293121338e-01
9.630662918090820312e+00,2.705520689487457275e-01
1.118102645874023438e+01,-1.366431713104248047e-01
1.131558895111083984e+01,-1.554834723472595215e+00
1.152206897735595703e+01,-1.839642524719238281e+00
1.097804164886474609e+01,-1.331516385078430176e+00
1.046115875244140625e+01,-5.614185333251953125e-01
9.702208518981933594e+00,7.641746848821640015e-02
9.823946952819824219e+00,-1.781225800514221191e+00
1.024725151062011719e+01,-1.832432270050048828e+00
1.156262207031250000e+01,-1.466467618942260742e+00
1.170006465911865234e+01,-9.249636530876159668e-01
1.094429111480712891e+01,-8.708810806274414062e-01
1.119215297698974609e+01,4.591788053512573242e-01
1.013966083526611328e+01,1.126293063163757324e+00
1.076809501647949219e+01,-1.953956604003906250e+00
1.262225723266601562e+01,9.932847023010253906e-01
1.203395652770996094e+01,-2.454305887222290039e+00
1.340867614746093750e+01,2.397511243820190430e+00
1.247297096252441406e+01,2.187943458557128906e+00
1.287891006469726562e+01,2.296782493591308594e+00
1.314870929718017578e+01,2.097208738327026367e+00
1.309288406372070312e+01,1.708714723587036133e+00
1.281485366821289062e+01,1.259209036827087402e+00
1.233229446411132812e+01,-2.606878757476806641e+00
1.244568252563476562e+01,1.979558587074279785e+00
1.269489574432373047e+01,1.368778944015502930e+00
1.274236202239990234e+01,1.340068817138671875e+00
1.184209632873535156e+01,1.813248872756958008e+00
1.271799564361572266e+01,1.478177785873413086e+00
1.189633655548095703e+01,2.500021696090698242e+00
1.179447650909423828e+01,1.857949614524841309e+00
1.208264160156250000e+01,2.449673891067504883e+00
1.200605010986328125e+01,2.257278680801391602e+00
1.218662261962890625e+01,2.305130481719970703e+00
1.240367984771728516e+01,2.281894922256469727e+00
1.258033275604248047e+01,2.045352935791015625e+00
1.171104812622070312e+01,1.949593782424926758e+00
1.185129737854003906e+01,1.783484220504760742e+00
1.187015151977539062e+01,1.702730536460876465e+00
8.599984169006347656e+00,3.530161380767822266e+00
7.690202713012695312e+00,3.797572612762451172e+00
8.482119560241699219e+00,2.369089126586914062e+00
6.910820960998535156e+00,1.217667698860168457e+00
6.336731433868408203e+00,1.921167135238647461e+00
6.615510463714599609e+00,9.638542532920837402e-01
7.064613342285156250e+00,6.393257617950439453e+00
7.320460796356201172e+00,-6.266747951507568359e+00
8.015615463256835938e+00,2.185651302337646484e+00
7.464783668518066406e+00,2.620093584060668945e+00
8.463114738464355469e+00,3.308288335800170898e+00
8.557531356811523438e+00,2.664833068847656250e+00
7.989488124847412109e+00,-9.926706552505493164e-02
1.064457798004150391e+01,-2.297837257385253906e+00
1.039558982849121094e+01,-8.591986894607543945e-01
8.062782287597656250e+00,-9.196681976318359375e-01
7.771344184875488281e+00,-1.051970243453979492e+00
7.931557178497314453e+00,-1.359871387481689453e+00
8.115778923034667969e+00,-1.515888452529907227e+00
8.703539848327636719e+00,-1.704459786415100098e+00
1.056647014617919922e+01,-1.255343437194824219e+00
9.145576477050781250e+00,7.690582275390625000e-01
8.411679267883300781e+00,7.076399326324462891e-01
7.859050750732421875e+00,3.677703812718391418e-02
1.038157939910888672e+01,-2.337980985641479492e+00
1.126956748962402344e+01,-1.635605216026306152e+00
1.057944297790527344e+01,-5.953016877174377441e-01
9.555450439453125000e+00,2.173555940389633179e-01
9.377383232116699219e+00,-1.476517558097839355e+00
9.564373970031738281e+00,-1.570775032043457031e+00
9.827786445617675781e+00,-2.008666276931762695e+00
1.094573593139648438e+01,-1.857692360877990723e+00
1.172413349151611328e+01,-8.821200728416442871e-01
1.125124740600585938e+01,4.085384011268615723e-01
9.866683006286621094e+00,1.009856700897216797e+00
1.023008632659912109e+01,-2.198235511779785156e+00
1.191685867309570312e+01,-2.094106197357177734e+00
1.201180362701416016e+01,-2.340383529663085938e+00
1.183603668212890625e+01,-3.007785558700561523e+00
1.183548259735107422e+01,-3.179315328598022461e+00
1.134253120422363281e+01,-3.764033555984497070e+00
1.171597957611083984e+01,-3.640695095062255859e+00
1.170165729522705078e+01,-3.675293207168579102e+00
1.170341777801513672e+01,-3.664288043975830078e+00
1.133513069152832031e+01,-3.882292032241821289e+00
1.170201015472412109e+01,-2.981682538986206055e+00
1.184888744354248047e+01,-2.973696470260620117e+00
1.199554634094238281e+01,-2.303954601287841797e+00
9.545498847961425781e+00,-3.921436548233032227e+00
9.629617691040039062e+00,-3.798267126083374023e+00
9.653438568115234375e+00,-3.614964246749877930e+00
9.644243240356445312e+00,-3.003104448318481445e+00
9.788578033447265625e+00,-3.820116043090820312e+00
9.896313667297363281e+00,-4.059365749359130859e+00
1.012817287445068359e+01,-4.188335418701171875e+00
1.043508148193359375e+01,-4.135745048522949219e+00
9.693017959594726562e+00,-4.104493618011474609e+00
9.572392463684082031e+00,-2.707646846771240234e+00
9.306466102600097656e+00,-3.407563686370849609e+00
9.545146942138671875e+00,-3.730796337127685547e+00
7.134521961212158203e+00,-1.032642006874084473e+00
7.231072902679443359e+00,-8.520510792732238770e-01
7.925271511077880859e+00,-1.610819816589355469e+00
8.033895492553710938e+00,-1.108932942152023315e-01
6.990546703338623047e+00,-1.220798969268798828e+00
7.033182144165039062e+00,-1.090912818908691406e+00
7.040095329284667969e+00,-9.936576485633850098e-01
7.050199985504150391e+00,-1.071206808090209961e+00
6.937664985656738281e+00,-1.021144509315490723e+00
7.855156421661376953e+00,-1.510102748870849609e-01
7.243637084960937500e+00,-7.544519305229187012e-01
7.224272251129150391e+00,-9.303164482116699219e-01
3.564497947692871094e+00,6.484378337860107422e+00
8.586630821228027344e+00,3.443201541900634766e+00
8.193768501281738281e+00,2.387109041213989258e+00
7.587998390197753906e+00,2.236255407333374023e+00
6.045698165893554688e+00,1.620512485504150391e+00
1.668169212341308594e+01,1.089030838012695312e+01
1.378022670745849609e+01,-6.082772731781005859e+00
1.647729873657226562e+01,-9.612033963203430176e-01
4.565775871276855469e+00,1.958519458770751953e+00
8.052172660827636719e+00,1.456719398498535156e+00
8.046705245971679688e+00,3.052846193313598633e+00
8.447101593017578125e+00,3.278620243072509766e+00
6.770750522613525391e+00,-6.117359399795532227e-01
6.856465816497802734e+00,-6.101612448692321777e-01
6.909510135650634766e+00,-7.611435055732727051e-01
8.642351150512695312e+00,-9.002995491027832031e-01
6.820477485656738281e+00,-8.234178423881530762e-01
6.682990550994873047e+00,-7.234361767768859863e-01
6.707828998565673828e+00,-7.011196613311767578e-01
6.826116561889648438e+00,-7.128440737724304199e-01
6.830591201782226562e+00,-7.279524803161621094e-01
8.277882575988769531e+00,-6.761080771684646606e-02
7.198740005493164062e+00,-6.993340253829956055e-01
6.907248497009277344e+00,-5.519381761550903320e-01
1.008083820343017578e+01,-3.839271783828735352e+00
9.988081932067871094e+00,-3.863051652908325195e+00
9.752074241638183594e+00,-3.732670068740844727e+00
9.931457519531250000e+00,-3.878649950027465820e+00
1.026228332519531250e+01,-3.736665725708007812e+00
1.046703624725341797e+01,-3.941688060760498047e+00
1.049124908447265625e+01,-3.679343938827514648e+00
1.039021396636962891e+01,-3.722513675689697266e+00
1.032078552246093750e+01,-3.826458215713500977e+00
9.214146614074707031e+00,-2.009693384170532227e+00
9.953364372253417969e+00,-3.860768795013427734e+00
1.005834293365478516e+01,-3.879044532775878906e+00
1.214972972869873047e+01,-2.184411048889160156e+00
1.195814800262451172e+01,-2.558186292648315430e+00
1.181340980529785156e+01,-2.973964214324951172e+00
1.182253456115722656e+01,-3.114066600799560547e+00
1.138742733001708984e+01,-3.802476406097412109e+00
1.166400146484375000e+01,-3.698986530303955078e+00
1.173940944671630859e+01,-3.656538009643554688e+00
1.183430099487304688e+01,-3.519737005233764648e+00
1.139818572998046875e+01,-3.790903329849243164e+00
1.169045162200927734e+01,-3.112672090530395508e+00
1.175623035430908203e+01,-2.917063713073730469e+00
1.199441814422607422e+01,-2.419702529907226562e+00
9.972603797912597656e+00,-4.014331817626953125e+00
1.000025558471679688e+01,-3.975100755691528320e+00
9.821693420410156250e+00,-3.831956624984741211e+00
9.300697326660156250e+00,-2.580328226089477539e+00
1.026501178741455078e+01,-4.118401527404785156e+00
1.035449314117431641e+01,-4.116439819335937500e+00
1.049792385101318359e+01,-4.143461704254150391e+00
1.030524635314941406e+01,-4.133137226104736328e+00
1.024507141113281250e+01,-4.037217617034912109e+00
9.629600524902343750e+00,-3.349403142929077148e+00
1.001830387115478516e+01,-3.774442195892333984e+00
1.001409530639648438e+01,-3.982457637786865234e+00
6.879287719726562500e+00,-3.873067200183868408e-01
6.901902675628662109e+00,-4.319725334644317627e-01
6.983379840850830078e+00,-4.531143009662628174e-01
8.030833244323730469e+00,-1.173884153366088867e+00
7.196707248687744141e+00,-6.101734638214111328e-01
7.030432224273681641e+00,-4.401196837425231934e-01
6.911108016967773438e+00,-2.587934136390686035e-01
6.915904998779296875e+00,-5.566300749778747559e-01
6.836723804473876953e+00,-4.917000532150268555e-01
8.038586616516113281e+00,-1.238592147827148438e+00
7.081339836120605469e+00,-6.184155344963073730e-01
6.943592548370361328e+00,-5.104008316993713379e-01
8.537979125976562500e+00,2.705552816390991211e+00
8.612947463989257812e+00,3.536798477172851562e+00
7.687272071838378906e+00,3.800925970077514648e+00
7.811401844024658203e+00,9.067535996437072754e-01
6.911285877227783203e+00,1.218728661537170410e+00
6.330432891845703125e+00,1.917354106903076172e+00
6.605270862579345703e+00,9.768972396850585938e-01
7.065834522247314453e+00,6.391047954559326172e+00
7.321421623229980469e+00,-6.266337871551513672e+00
7.870069980621337891e+00,9.113659858703613281e-01
7.465891361236572266e+00,2.613319158554077148e+00
8.468208312988281250e+00,3.317006587982177734e+00
7.282225608825683594e+00,-3.755666613578796387e-01
7.278302669525146484e+00,-5.461659431457519531e-01
7.502694129943847656e+00,-3.832205832004547119e-01
7.788255691528320312e+00,-1.056166529655456543e+00
7.006582736968994141e+00,-8.080258369445800781e-01
7.023431777954101562e+00,-7.438609600067138672e-01
7.137984752655029297e+00,-3.346635401248931885e-01
7.190210819244384766e+00,-2.729797661304473877e-01
7.349820613861083984e+00,-6.176921725273132324e-01
8.158004760742187500e+00,-1.565612435340881348e+00
7.287506103515625000e+00,-6.684244275093078613e-01
7.239308357238769531e+00,-5.779125690460205078e-01
9.990066528320312500e+00,-3.568702697753906250e+00
9.930578231811523438e+00,-3.597155809402465820e+00
9.725568771362304688e+00,-3.539474725723266602e+00
9.434000015258789062e+00,-2.236478328704833984e+00
1.022655105590820312e+01,-3.662310361862182617e+00
1.032792949676513672e+01,-3.766758918762207031e+00
1.048611736297607422e+01,-3.914566516876220703e+00
1.039582920074462891e+01,-3.989363193511962891e+00
1.045205020904541016e+01,-3.932505130767822266e+00
9.619486808776855469e+00,-2.107551813125610352e+00
9.871824264526367188e+00,-3.513912677764892578e+00
9.871556282043457031e+00,-3.544693708419799805e+00
1.143088722229003906e+01,-1.788712024688720703e+00
1.120833110809326172e+01,-1.140628933906555176e+00
1.051180076599121094e+01,3.419491052627563477e-01
1.085433959960937500e+01,6.306648254394531250e-01
1.035787487030029297e+01,-2.266469717025756836e+00
1.098988533020019531e+01,-1.981439828872680664e+00
1.114433002471923828e+01,-1.783849358558654785e+00
1.086585617065429688e+01,-1.272252202033996582e+00
1.069760131835937500e+01,-1.070228815078735352e+00
9.982961654663085938e+00,-9.206069260835647583e-02
9.482796669006347656e+00,-7.904515862464904785e-01
1.025969219207763672e+01,-1.858034372329711914e+00
9.983472824096679688e+00,-1.895460009574890137e+00
1.117548751831054688e+01,-1.526872754096984863e+00
1.131787300109863281e+01,-4.361065328121185303e-01
9.373558998107910156e+00,6.271763443946838379e-01
9.861467361450195312e+00,-1.948278069496154785e+00
1.015529155731201172e+01,-2.235436201095581055e+00
1.031075191497802734e+01,-2.385212898254394531e+00
1.005997657775878906e+01,-2.380241870880126953e+00
1.104218101501464844e+01,-1.145681381225585938e+00
1.003237724304199219e+01,-1.820105612277984619e-01
9.132226943969726562e+00,-9.530330300331115723e-01
9.458480834960937500e+00,-1.615802049636840820e+00
8.434092521667480469e+00,-1.500556945800781250e+00
9.726928710937500000e+00,-1.826835989952087402e+00
1.078920555114746094e+01,-3.677153587341308594e-01
8.643268585205078125e+00,7.307285666465759277e-01
7.649674892425537109e+00,-4.947065189480781555e-02
7.881479263305664062e+00,6.692391633987426758e-02
7.831174850463867188e+00,-7.236875593662261963e-02
9.240880966186523438e+00,-1.391741037368774414e+00
1.032034206390380859e+01,-1.472279906272888184e+00
9.538106918334960938e+00,-1.735644042491912842e-01
7.841251373291015625e+00,-9.969972372055053711e-01
8.004496574401855469e+00,-1.358194231986999512e+00
8.608261108398437500e+00,3.469041347503662109e+00
8.181375503540039062e+00,2.396171092987060547e+00
7.958855628967285156e+00,7.510056495666503906e-01
6.032477855682373047e+00,1.607731103897094727e+00
1.668163299560546875e+01,1.089027214050292969e+01
1.378024578094482422e+01,-6.083227634429931641e+00
1.647527313232421875e+01,-9.602673053741455078e-01
4.565624237060546875e+00,1.958235979080200195e+00
8.057993888854980469e+00,1.419447660446166992e+00
8.033272743225097656e+00,3.039072513580322266e+00
8.405975341796875000e+00,3.130139112472534180e+00
3.566142320632934570e+00,6.483211040496826172e+00
1.220689296722412109e+01,2.366782188415527344e+00
1.271830749511718750e+01,2.511949062347412109e+00
1.196144390106201172e+01,2.663394212722778320e+00
1.221560192108154297e+01,2.857733249664306641e+00
1.196962547302246094e+01,2.127482414245605469e+00
1.200789260864257812e+01,2.161313056945800781e+00
1.213639926910400391e+01,2.145125865936279297e+00
1.231059265136718750e+01,2.283086776733398438e+00
1.266900920867919922e+01,2.208243370056152344e+00
1.216841411590576172e+01,2.845422267913818359e+00
1.223040962219238281e+01,2.605129003524780273e+00
1.224749565124511719e+01,2.368794679641723633e+00
1.292334270477294922e+01,1.498802423477172852e+00
1.197613143920898438e+01,-2.125272274017333984e+00
1.291357040405273438e+01,1.253790497779846191e+00
1.262827205657958984e+01,2.622282505035400391e+00
1.316797924041748047e+01,1.726469397544860840e+00
1.300941562652587891e+01,1.706154108047485352e+00
1.283211040496826172e+01,1.752072691917419434e+00
1.304730510711669922e+01,1.302321910858154297e+00
1.230772972106933594e+01,-2.579117774963378906e+00
1.282602119445800781e+01,2.591791391372680664e+00
1.299494934082031250e+01,2.660018205642700195e+00
1.312688541412353516e+01,2.210677623748779297e+00
1.214797878265380859e+01,-2.036728143692016602e+00
1.203377628326416016e+01,-2.187860012054443359e+00
1.298293304443359375e+01,1.133590817451477051e+00
1.305880069732666016e+01,2.142785787582397461e+00
1.196634674072265625e+01,-2.426869630813598633e+00
1.221932220458984375e+01,-2.648611545562744141e+00
1.216507720947265625e+01,-2.253609895706176758e+00
1.226552486419677734e+01,-2.589826107025146484e+00
1.235440349578857422e+01,-2.209585905075073242e+00
1.293763828277587891e+01,2.357830762863159180e+00
1.315645980834960938e+01,2.736835718154907227e+00
1.210905647277832031e+01,-1.864783406257629395e+00
1.082872104644775391e+01,-1.040652871131896973e+00
9.941130638122558594e+00,-7.166801095008850098e-01
9.701511383056640625e+00,3.905048072338104248e-01
1.103297996520996094e+01,7.463611960411071777e-01
1.110426712036132812e+01,-1.660547971725463867e+00
1.123792266845703125e+01,-1.227456569671630859e+00
1.057759571075439453e+01,-1.133246541023254395e+00
1.038211917877197266e+01,-9.937923550605773926e-01
1.026269245147705078e+01,-7.363958954811096191e-01
9.608347892761230469e+00,1.039758604019880295e-02
1.005469131469726562e+01,-1.059560418128967285e+00
1.132659816741943359e+01,-1.384469866752624512e+00
8.752494812011718750e+00,1.208247151225805283e-02
8.338659286499023438e+00,3.802671730518341064e-01
8.431583404541015625e+00,5.167487859725952148e-01
9.376352310180664062e+00,5.328468084335327148e-01
1.104234695434570312e+01,-7.543292641639709473e-01
9.949855804443359375e+00,-5.776356458663940430e-01
7.817072868347167969e+00,-9.678204059600830078e-01
7.646643638610839844e+00,-9.530261158943176270e-01
7.363489627838134766e+00,-7.060542702674865723e-01
8.640726089477539062e+00,3.285918533802032471e-01
1.002361869812011719e+01,-1.001044034957885742e+00
1.084245586395263672e+01,-6.009722948074340820e-01
8.464210510253906250e+00,3.309430360794067383e+00
8.543302536010742188e+00,2.694013357162475586e+00
8.605920791625976562e+00,3.525081634521484375e+00
7.696568012237548828e+00,3.798609972000122070e+00
7.829097747802734375e+00,9.134903550148010254e-01
6.911057949066162109e+00,1.224591135978698730e+00
6.331157207489013672e+00,1.916440844535827637e+00
6.588461875915527344e+00,9.577775001525878906e-01
7.074612617492675781e+00,6.376657962799072266e+00
7.322312831878662109e+00,-6.268048286437988281e+00
7.855947494506835938e+00,9.284176230430603027e-01
7.445572376251220703e+00,2.623928785324096680e+00
1.200390434265136719e+01,1.790105700492858887e+00
1.203076648712158203e+01,1.776084303855895996e+00
1.185838890075683594e+01,1.755558967590332031e+00
1.175071525573730469e+01,1.822244882583618164e+00
1.277921390533447266e+01,1.740696668624877930e+00
1.245129013061523438e+01,2.076369047164916992e+00
1.222256660461425781e+01,2.226458072662353516e+00
1.220632839202880859e+01,2.234172105789184570e+00
1.214365386962890625e+01,2.314696311950683594e+00
1.185755825042724609e+01,1.840293049812316895e+00
1.189427566528320312e+01,2.444064378738403320e+00
1.269547462463378906e+01,1.627396941184997559e+00
1.307378292083740234e+01,9.830787181854248047e-01
1.321722984313964844e+01,1.255729794502258301e+00
1.283425331115722656e+01,1.464701533317565918e+00
1.263852405548095703e+01,2.304522037506103516e+00
1.226592922210693359e+01,-2.658984184265136719e+00
1.245505905151367188e+01,-2.239418745040893555e+00
1.276045227050781250e+01,1.827672839164733887e+00
1.334835720062255859e+01,2.135037899017333984e+00
1.325359249114990234e+01,2.208703994750976562e+00
1.261400794982910156e+01,1.968685030937194824e+00
1.327419281005859375e+01,2.439963102340698242e+00
1.216338634490966797e+01,-2.035044193267822266e+00
1.142143249511718750e+01,-1.432374835014343262e+00
1.081816005706787109e+01,-7.147138714790344238e-01
9.874061584472656250e+00,4.671683907508850098e-01
9.253689765930175781e+00,7.531540393829345703e-01
1.018708324432373047e+01,1.085798740386962891e+00
1.069496250152587891e+01,-2.136872768402099609e+00
1.129986381530761719e+01,-1.567444086074829102e+00
1.070533943176269531e+01,-1.097148895263671875e+00
1.033923912048339844e+01,-4.842180609703063965e-01
9.513130187988281250e+00,5.327184498310089111e-02
9.329923629760742188e+00,-7.546598911285400391e-01
9.936218261718750000e+00,-1.651144981384277344e+00
1.104077625274658203e+01,-1.532085657119750977e+00
1.123751926422119141e+01,-9.848855137825012207e-01
9.854077339172363281e+00,4.780296981334686279e-01
9.272150039672851562e+00,6.626368165016174316e-01
9.933260917663574219e+00,1.036969780921936035e+00
1.065098953247070312e+01,-2.140067100524902344e+00
1.053931522369384766e+01,-1.991560816764831543e+00
1.130156135559082031e+01,-1.205788731575012207e+00
1.049717617034912109e+01,-5.808262228965759277e-01
9.245933532714843750e+00,2.510896623134613037e-01
9.022894859313964844e+00,-8.940503001213073730e-01
9.760227203369140625e+00,-1.520177602767944336e+00
9.920431137084960938e+00,-1.702578186988830566e+00
1.097122287750244141e+01,-5.273626446723937988e-01
9.629990577697753906e+00,4.876038432121276855e-01
8.623509407043457031e+00,7.391545772552490234e-01
8.537407875061035156e+00,7.259430885314941406e-01
9.242352485656738281e+00,7.590486407279968262e-01
9.742671012878417969e+00,-3.420846164226531982e-02
1.088290786743164062e+01,-1.488599777221679688e+00
1.033821010589599609e+01,-3.801819682121276855e-01
9.033522605895996094e+00,3.510358631610870361e-01
8.082189559936523438e+00,-7.907806634902954102e-01
8.733987808227539062e+00,-1.196115374565124512e+00
8.184635162353515625e+00,2.397550106048583984e+00
7.614857196807861328e+00,2.217914104461669922e+00
6.048111438751220703e+00,1.618608832359313965e+00
1.667650413513183594e+01,1.088327693939208984e+01
1.378170013427734375e+01,-6.085113525390625000e+00
1.647748756408691406e+01,-9.606795907020568848e-01
4.563991069793701172e+00,1.959382414817810059e+00
7.959482192993164062e+00,6.386919617652893066e-01
8.012903213500976562e+00,3.035224676132202148e+00
8.412797927856445312e+00,3.149359703063964844e+00
3.564521789550781250e+00,6.483992099761962891e+00
8.586768150329589844e+00,3.440230607986450195e+00
1.304503536224365234e+01,2.787380933761596680e+00
1.299264812469482422e+01,1.805395960807800293e+00
1.194256591796875000e+01,2.555706262588500977e+00
1.210589313507080078e+01,2.753976106643676758e+00
1.184364318847656250e+01,2.510492801666259766e+00
1.189943504333496094e+01,2.070618867874145508e+00
1.221892929077148438e+01,2.121606349945068359e+00
1.326918601989746094e+01,1.936792135238647461e+00
1.257772541046142578e+01,2.860180854797363281e+00
1.210393524169921875e+01,2.881416320800781250e+00
1.217335224151611328e+01,2.901666402816772461e+00
1.241382122039794922e+01,2.862951517105102539e+00
1.203556251525878906e+01,-2.093425750732421875e+00
1.315291690826416016e+01,8.904045224189758301e-01
1.249838924407958984e+01,1.511387228965759277e+00
1.178775501251220703e+01,2.645959138870239258e+00
1.221493530273437500e+01,1.752262711524963379e+00
1.292502498626708984e+01,1.537089824676513672e+00
1.204094409942626953e+01,-2.498626470565795898e+00
1.223958969116210938e+01,-2.707259178161621094e+00
1.331010341644287109e+01,2.498552322387695312e+00
1.209246253967285156e+01,2.902699470520019531e+00
1.266477394104003906e+01,2.882927179336547852e+00
1.313846015930175781e+01,2.736630439758300781e+00
1.218889999389648438e+01,-2.299655675888061523e+00
1.317093563079833984e+01,8.889350295066833496e-01
1.253776073455810547e+01,1.417134523391723633e+00
1.171722030639648438e+01,2.581232786178588867e+00
1.276157379150390625e+01,1.504786849021911621e+00
1.207073497772216797e+01,-2.264519214630126953e+00
1.224313735961914062e+01,-2.699180126190185547e+00
1.346968269348144531e+01,2.327382087707519531e+00
1.317488670349121094e+01,2.563320875167846680e+00
1.193492412567138672e+01,2.796847105026245117e+00
1.284189510345458984e+01,2.891632795333862305e+00
1.312170028686523438e+01,2.620811700820922852e+00
1.146050834655761719e+01,-1.246054530143737793e+00
1.055402565002441406e+01,-6.153166294097900391e-01
9.603538513183593750e+00,4.139755368232727051e-01
9.155817031860351562e+00,8.489003181457519531e-01
1.025463294982910156e+01,1.137244939804077148e+00
1.136001300811767578e+01,-1.387668728828430176e+00
1.099323844909667969e+01,-1.109854102134704590e+00
1.042867851257324219e+01,-7.000704407691955566e-01
1.021430778503417969e+01,-3.800821304321289062e-01
9.485778808593750000e+00,1.214015856385231018e-01
9.390956878662109375e+00,-7.958926558494567871e-01
1.026297950744628906e+01,-1.633583664894104004e+00
1.085553836822509766e+01,-6.086333990097045898e-01
9.359163284301757812e+00,2.993732094764709473e-01
8.510139465332031250e+00,5.438549518585205078e-01
8.853361129760742188e+00,8.672631382942199707e-01
1.009612274169921875e+01,8.253648877143859863e-01
1.121113491058349609e+01,-7.187497019767761230e-01
1.013025951385498047e+01,-3.243902623653411865e-01
9.908907890319824219e+00,-4.446332752704620361e-01
7.763991832733154297e+00,-6.571466326713562012e-01
8.760468482971191406e+00,2.941348552703857422e-01
9.044203758239746094e+00,-8.543422222137451172e-01
1.015596675872802734e+01,-1.170647740364074707e+00
7.455638408660888672e+00,2.624057292938232422e+00
8.463599205017089844e+00,3.327500104904174805e+00
8.535377502441406250e+00,2.701735973358154297e+00
8.607081413269042969e+00,3.528547286987304688e+00
7.689148902893066406e+00,3.802551269531250000e+00
7.810387611389160156e+00,9.074480533599853516e-01
6.916062355041503906e+00,1.223001122474670410e+00
6.332531929016113281e+00,1.927459597587585449e+00
6.603992462158203125e+00,9.725549221038818359e-01
7.044763088226318359e+00,6.400317192077636719e+00
7.316632747650146484e+00,-6.260107994079589844e+00
7.868545532226562500e+00,9.099856615066528320e-01
1.318330001831054688e+01,1.146830081939697266e+00
1.186885452270507812e+01,1.699083685874938965e+00
1.180040836334228516e+01,1.794047355651855469e+00
1.168402290344238281e+01,1.837118506431579590e+00
1.210664272308349609e+01,1.624575376510620117e+00
1.290809631347656250e+01,1.830935478210449219e+00
1.245181274414062500e+01,2.396457195281982422e+00
1.213321590423583984e+01,2.646566390991210938e+00
1.199967098236083984e+01,2.582458734512329102e+00
1.172725677490234375e+01,2.153776884078979492e+00
1.168556594848632812e+01,2.578339576721191406e+00
1.298568820953369141e+01,2.381210327148437500e+00
1.216929626464843750e+01,-2.042546749114990234e+00
1.325188350677490234e+01,1.217450261116027832e+00
1.216446304321289062e+01,1.518189549446105957e+00
1.168806648254394531e+01,2.303852796554565430e+00
1.287773227691650391e+01,1.357175230979919434e+00
1.228742504119873047e+01,-2.637291193008422852e+00
1.238830375671386719e+01,-2.220378637313842773e+00
1.334347915649414062e+01,2.301343679428100586e+00
1.257221221923828125e+01,2.753664255142211914e+00
1.198471641540527344e+01,2.777505397796630859e+00
1.278469657897949219e+01,2.937255144119262695e+00
1.320762443542480469e+01,1.925247192382812500e+00
1.122316169738769531e+01,-1.299628734588623047e+00
1.082948207855224609e+01,-6.440929174423217773e-01
9.807464599609375000e+00,4.372040331363677979e-01
9.116248130798339844e+00,8.283653855323791504e-01
9.943590164184570312e+00,1.028516769409179688e+00
1.066302871704101562e+01,-2.206265926361083984e+00
1.138412475585937500e+01,-1.513195157051086426e+00
1.062554359436035156e+01,-9.919399023056030273e-01
1.028812789916992188e+01,-3.951657116413116455e-01
9.201021194458007812e+00,2.408801615238189697e-01
9.223292350769042969e+00,-8.734568953514099121e-01
9.986268043518066406e+00,-1.683870911598205566e+00
1.113920402526855469e+01,-1.133436560630798340e+00
1.089194679260253906e+01,-5.535133481025695801e-01
9.755977630615234375e+00,4.393927454948425293e-01
9.130830764770507812e+00,8.330749273300170898e-01
9.926616668701171875e+00,1.023039817810058594e+00
1.066467380523681641e+01,-2.159587621688842773e+00
1.129224777221679688e+01,-1.532788157463073730e+00
1.060167503356933594e+01,-9.919722080230712891e-01
1.023474788665771484e+01,-4.186086058616638184e-01
9.134078025817871094e+00,2.664474546909332275e-01
9.170845031738281250e+00,-9.327655434608459473e-01
9.940917968750000000e+00,-1.678111195564270020e+00
1.095589256286621094e+01,-8.293660879135131836e-01
9.879827499389648438e+00,1.921875476837158203e-01
8.881648063659667969e+00,4.581282734870910645e-01
8.690822601318359375e+00,6.891056299209594727e-01
8.690472602844238281e+00,5.779343247413635254e-01
9.957130432128906250e+00,6.709158420562744141e-01
1.113286018371582031e+01,-3.134931027889251709e-01
1.060511207580566406e+01,-7.968177199363708496e-01
7.963577270507812500e+00,-6.588982939720153809e-01
8.978590011596679688e+00,3.854381442070007324e-01
8.098831176757812500e+00,-1.131965398788452148e+00
9.849360466003417969e+00,-1.638216972351074219e+00
7.975485324859619141e+00,6.893948316574096680e-01
6.048046112060546875e+00,1.620050311088562012e+00
1.668186569213867188e+01,1.089062786102294922e+01
1.378127574920654297e+01,-6.084405899047851562e+00
1.647516250610351562e+01,-9.610008597373962402e-01
4.563733100891113281e+00,1.959362626075744629e+00
7.957313060760498047e+00,6.728837490081787109e-01
8.030216217041015625e+00,3.021323442459106445e+00
8.407285690307617188e+00,3.144956350326538086e+00
3.564529418945312500e+00,6.484334468841552734e+00
8.599233627319335938e+00,3.465271949768066406e+00
8.195558547973632812e+00,2.389514684677124023e+00
1.302085781097412109e+01,2.053105831146240234e+00
1.215480136871337891e+01,1.919068932533264160e+00
1.187669181823730469e+01,2.487376451492309570e+00
1.203071975708007812e+01,2.745299100875854492e+00
1.181459712982177734e+01,2.574132442474365234e+00
1.194079685211181641e+01,2.068520784378051758e+00
1.323190021514892578e+01,1.967248678207397461e+00
1.325906276702880859e+01,2.503417730331420898e+00
1.219256782531738281e+01,2.841951131820678711e+00
1.208574962615966797e+01,2.889179229736328125e+00
1.220649814605712891e+01,2.858666419982910156e+00
1.301908206939697266e+01,2.791123867034912109e+00
1.227083301544189453e+01,-2.367009878158569336e+00
1.311959075927734375e+01,1.165296792984008789e+00
1.206644916534423828e+01,1.663074016571044922e+00
1.175775814056396484e+01,2.609175682067871094e+00
1.213445091247558594e+01,1.672925353050231934e+00
1.285507202148437500e+01,1.250145077705383301e+00
1.218532752990722656e+01,-2.694931745529174805e+00
1.340785884857177734e+01,2.418153762817382812e+00
1.260100650787353516e+01,2.861075162887573242e+00
1.204286479949951172e+01,2.920981168746948242e+00
1.272512722015380859e+01,2.918088436126708984e+00
1.315641784667968750e+01,2.682150363922119141e+00
1.225640106201171875e+01,-2.385226726531982422e+00
1.318721008300781250e+01,9.437499642372131348e-01
1.265286731719970703e+01,1.482569575309753418e+00
1.171414375305175781e+01,2.584016084671020508e+00
1.265875625610351562e+01,1.446258783340454102e+00
1.276625823974609375e+01,9.923316836357116699e-01
1.223567867279052734e+01,-2.717824697494506836e+00
1.346522140502929688e+01,2.370887041091918945e+00
1.274024772644042969e+01,2.858156442642211914e+00
1.200008964538574219e+01,2.865767717361450195e+00
1.285392284393310547e+01,2.869344234466552734e+00
1.314999675750732422e+01,2.661073207855224609e+00
1.107574748992919922e+01,-1.382876873016357422e+00
1.084487056732177734e+01,-6.002859473228454590e-01
9.769374847412109375e+00,3.926312029361724854e-01
9.005475044250488281e+00,8.414307236671447754e-01
9.909985542297363281e+00,9.962146282196044922e-01
1.072447681427001953e+01,-2.180974006652832031e+00
1.126324653625488281e+01,-1.475835323333740234e+00
1.057535743713378906e+01,-8.394356966018676758e-01
1.023880195617675781e+01,-3.355447053909301758e-01
9.189888954162597656e+00,3.419165611267089844e-01
9.115756988525390625e+00,-8.384008407592773438e-01
9.782002449035644531e+00,-1.609364628791809082e+00
1.011998558044433594e+01,-1.190373897552490234e+00
1.088948440551757812e+01,-5.136480331420898438e-01
8.631284713745117188e+00,4.966503679752349854e-01
8.786280632019042969e+00,8.506164550781250000e-01
8.611777305603027344e+00,6.715223193168640137e-01
1.076038455963134766e+01,-2.258907794952392578e+00
1.124609756469726562e+01,-5.652846693992614746e-01
1.018917369842529297e+01,-2.756321728229522705e-01
8.067788124084472656e+00,-6.807569861412048340e-01
8.845095634460449219e+00,1.936126649379730225e-01
8.269337654113769531e+00,-1.168275952339172363e+00
9.041379928588867188e+00,-1.151183485984802246e+00
7.860275268554687500e+00,9.169459939002990723e-01
7.458752155303955078e+00,2.611076831817626953e+00
8.447034835815429688e+00,3.311029672622680664e+00
7.418905735015869141e+00,6.264396667480468750e+00
8.603897094726562500e+00,3.529539823532104492e+00
7.692528724670410156e+00,3.781419992446899414e+00
7.827750205993652344e+00,9.026053547859191895e-01
6.928867816925048828e+00,1.221699118614196777e+00
6.335778236389160156e+00,1.919030666351318359e+00
6.604618072509765625e+00,9.639508128166198730e-01
7.052298545837402344e+00,6.401366710662841797e+00
7.319108963012695312e+00,-6.265534400939941406e+00
1.293768882751464844e+01,2.324323415756225586e+00
1.304416179656982422e+01,1.069563269615173340e+00
1.183814144134521484e+01,1.688379287719726562e+00
1.164326381683349609e+01,1.863960266113281250e+00
1.172874164581298828e+01,1.658893346786499023e+00
1.283011722564697266e+01,1.290865063667297363e+00
1.296571636199951172e+01,1.996261835098266602e+00
1.235211277008056641e+01,2.579845428466796875e+00
1.194250488281250000e+01,2.586861133575439453e+00
1.162899971008300781e+01,2.235184907913208008e+00
1.185813808441162109e+01,2.655778169631958008e+00
1.233380699157714844e+01,2.794566154479980469e+00
1.220289802551269531e+01,-2.367956399917602539e+00
1.317665672302246094e+01,1.082832455635070801e+00
1.217632484436035156e+01,1.515837550163269043e+00
1.167947196960449219e+01,2.416210174560546875e+00
1.249473190307617188e+01,1.480131983757019043e+00
1.279110431671142578e+01,1.111163139343261719e+00
1.229015350341796875e+01,-2.555723905563354492e+00
1.342197513580322266e+01,2.376496315002441406e+00
1.252335071563720703e+01,2.917445659637451172e+00
1.190905666351318359e+01,2.817357301712036133e+00
1.260735893249511719e+01,2.950239658355712891e+00
1.312635803222656250e+01,2.744194746017456055e+00
1.190100955963134766e+01,-3.264535188674926758e+00
1.202241706848144531e+01,-2.943711519241333008e+00
1.195033740997314453e+01,-2.968050956726074219e+00
1.190526199340820312e+01,-3.098000049591064453e+00
1.169684410095214844e+01,-3.236882925033569336e+00
1.190606403350830078e+01,-3.489043235778808594e+00
1.175739574432373047e+01,-3.096911430358886719e+00
1.175814151763916016e+01,-3.058900356292724609e+00
1.173420810699462891e+01,-3.050460577011108398e+00
1.171450328826904297e+01,-3.039362192153930664e+00
1.188595485687255859e+01,-3.327707052230834961e+00
1.200047588348388672e+01,-3.540678977966308594e+00
9.849377632141113281e+00,-3.205379486083984375e+00
9.952629089355468750e+00,-3.664508581161499023e+00
9.957217216491699219e+00,-3.649357795715332031e+00
1.041166496276855469e+01,-1.656862497329711914e+00
1.024792766571044922e+01,-3.401426315307617188e+00
1.052536487579345703e+01,-3.252706289291381836e+00
1.020167541503906250e+01,-3.280243158340454102e+00
1.038951778411865234e+01,-1.608711242675781250e+00
1.049873352050781250e+01,-1.612316012382507324e+00
1.048931026458740234e+01,-1.599194884300231934e+00
1.026779747009277344e+01,-3.162630319595336914e+00
1.058668613433837891e+01,-3.244737148284912109e+00
6.686147212982177734e+00,-7.832487821578979492e-01
7.370593547821044922e+00,-8.174581527709960938e-01
8.344435691833496094e+00,-1.161886930465698242e+00
8.377518653869628906e+00,-1.151128411293029785e+00
6.991195201873779297e+00,-9.826058745384216309e-01
6.617677211761474609e+00,-8.445723652839660645e-01
6.697131156921386719e+00,-8.069697022438049316e-01
7.233173370361328125e+00,-8.548876047134399414e-01
7.130667686462402344e+00,-8.298857808113098145e-01
6.931679248809814453e+00,-8.389382958412170410e-01
6.816057205200195312e+00,-8.641786575317382812e-01
6.559721469879150391e+00,-7.356594204902648926e-01
1.151604557037353516e+01,1.539242362976074219e+01
6.477798223495483398e-01,1.031441688537597656e+01
1.243258285522460938e+01,-9.685431480407714844e+00
-3.781121015548706055e+00,1.220890522003173828e+01
3.733643054962158203e+00,8.770693778991699219e+00
7.390532016754150391e+00,-7.190836429595947266e+00
-5.933413028717041016e+00,8.979770660400390625e+00
-8.691377639770507812e+00,4.693764209747314453e+00
1.541896939277648926e+00,3.126699209213256836e+00
-7.208302974700927734e+00,1.255761146545410156e+01
-7.437881946563720703e+00,7.726778507232666016e+00
1.865896034240722656e+01,-5.366870403289794922e+00
7.397718429565429688e+00,-1.298102736473083496e+00
7.294132709503173828e+00,-1.319894552230834961e+00
7.571503162384033203e+00,-1.535841464996337891e+00
8.098246574401855469e+00,-1.534347534179687500e+00
7.374326229095458984e+00,-1.301894545555114746e+00
7.187089920043945312e+00,-1.187104105949401855e+00
7.366169452667236328e+00,-1.343254685401916504e+00
8.233781814575195312e+00,-1.586662292480468750e+00
8.195887565612792969e+00,-1.628564476966857910e+00
8.153092384338378906e+00,-1.680666327476501465e+00
7.369197845458984375e+00,-1.294686079025268555e+00
7.139139652252197266e+00,-1.160089612007141113e+00
9.283236503601074219e+00,-3.744777679443359375e+00
9.083270072937011719e+00,-3.629213809967041016e+00
9.399267196655273438e+00,-2.422255277633666992e+00
9.435819625854492188e+00,-1.992600202560424805e+00
9.507623672485351562e+00,-3.878623723983764648e+00
9.516439437866210938e+00,-4.156511306762695312e+00
9.335457801818847656e+00,-3.819886207580566406e+00
9.635370254516601562e+00,-2.097512006759643555e+00
9.245193481445312500e+00,-3.650224685668945312e+00
9.437418937683105469e+00,-3.721249103546142578e+00
9.348190307617187500e+00,-3.814688444137573242e+00
9.476254463195800781e+00,-4.164672851562500000e+00
1.193809223175048828e+01,-3.284045457839965820e+00
1.165360641479492188e+01,-3.070145845413208008e+00
1.173953151702880859e+01,-3.084100961685180664e+00
1.175758266448974609e+01,-3.107774257659912109e+00
1.175024223327636719e+01,-3.099628210067749023e+00
1.196596336364746094e+01,-3.472691297531127930e+00
1.170295047760009766e+01,-3.009238004684448242e+00
1.185546875000000000e+01,-3.058895587921142578e+00
1.193524456024169922e+01,-2.965394973754882812e+00
1.188934707641601562e+01,-2.956788539886474609e+00
1.195685386657714844e+01,-3.274366140365600586e+00
1.208620929718017578e+01,-3.536527633666992188e+00
1.051427841186523438e+01,-3.480956077575683594e+00
1.035411739349365234e+01,-3.266829013824462891e+00
1.046470737457275391e+01,-2.966647624969482422e+00
1.037876892089843750e+01,-3.046008110046386719e+00
1.047592067718505859e+01,-3.495488166809082031e+00
1.069882011413574219e+01,-3.606656789779663086e+00
1.040265369415283203e+01,-3.539713144302368164e+00
1.026015186309814453e+01,-3.235828876495361328e+00
9.830480575561523438e+00,-3.359205961227416992e+00
9.727063179016113281e+00,-3.443762302398681641e+00
1.055399608612060547e+01,-3.563027858734130859e+00
1.068797683715820312e+01,-3.613215684890747070e+00
7.461924552917480469e+00,3.853806853294372559e-02
7.394028186798095703e+00,-4.378740787506103516e-01
7.531733036041259766e+00,-1.415238678455352783e-01
7.550204277038574219e+00,4.196266084909439087e-02
7.291135787963867188e+00,3.102541342377662659e-02
7.004358768463134766e+00,1.421933174133300781e-01
7.386754035949707031e+00,-7.435224205255508423e-02
7.705409526824951172e+00,-4.412405192852020264e-02
7.744098186492919922e+00,-4.784166440367698669e-02
7.713263034820556641e+00,-9.871769696474075317e-03
7.340365886688232422e+00,3.866029158234596252e-02
7.103329658508300781e+00,6.925547868013381958e-02
7.094818353652954102e-01,9.594135880470275879e-01
1.797770881652832031e+01,-1.115759181976318359e+01
-5.123547077178955078e+00,3.770955562591552734e+00
-1.011158370971679688e+01,3.286310672760009766e+00
2.097232055664062500e+01,5.562008380889892578e+00
6.143231868743896484e+00,7.729478478431701660e-01
1.452604961395263672e+01,-9.588377952575683594e+00
9.009944915771484375e+00,-1.327171325683593750e+01
1.029643917083740234e+01,1.055271434783935547e+01
6.206654071807861328e+00,1.631648635864257812e+01
-2.736920595169067383e+00,1.712554740905761719e+01
4.011618196964263916e-01,-8.201544761657714844e+00
6.808124065399169922e+00,-4.924052953720092773e-02
7.730055809020996094e+00,-2.587852478027343750e-01
8.715538978576660156e+00,-3.729669749736785889e-01
8.653626441955566406e+00,-3.494028747081756592e-01
6.935047626495361328e+00,-1.791686192154884338e-02
6.736805438995361328e+00,1.133858636021614075e-01
6.773270130157470703e+00,-7.292336225509643555e-02
8.211384773254394531e+00,1.045341882854700089e-02
6.968035221099853516e+00,-2.683681249618530273e-01
6.921161174774169922e+00,-2.505746781826019287e-01
6.846195697784423828e+00,-3.622927144169807434e-02
6.667503833770751953e+00,6.168865039944648743e-02
9.949395179748535156e+00,-4.130791187286376953e+00
9.846699714660644531e+00,-3.960697889328002930e+00
9.890945434570312500e+00,-4.132217407226562500e+00
9.569965362548828125e+00,-2.142216205596923828e+00
9.981269836425781250e+00,-4.148567199707031250e+00
9.937097549438476562e+00,-3.884810209274291992e+00
9.912940025329589844e+00,-4.094579696655273438e+00
8.914504051208496094e+00,-1.026418209075927734e+00
9.053679466247558594e+00,-1.409248232841491699e+00
9.066071510314941406e+00,-1.511574625968933105e+00
9.968387603759765625e+00,-4.198583602905273438e+00
1.001221179962158203e+01,-3.992201089859008789e+00
1.385239887237548828e+01,7.440630346536636353e-02
1.389827251434326172e+01,2.862807810306549072e-01
1.389791965484619141e+01,-6.971120834350585938e-02
1.386992645263671875e+01,5.253306403756141663e-02
1.389728641510009766e+01,1.011071056127548218e-01
1.393147277832031250e+01,-2.635528445243835449e-01
1.385413646697998047e+01,1.051109880208969116e-01
1.385401058197021484e+01,1.114385724067687988e-01
1.401274585723876953e+01,1.820027828216552734e-01
1.398805236816406250e+01,6.155137419700622559e-01
1.379241657257080078e+01,2.776479423046112061e-01
1.399564552307128906e+01,-6.174132972955703735e-02
1.385344696044921875e+01,1.650950014591217041e-01
1.417259788513183594e+01,3.574046492576599121e-01
1.407934761047363281e+01,2.150418311357498169e-01
1.399645328521728516e+01,-1.029967050999403000e-02
1.399009037017822266e+01,8.784302324056625366e-02
1.408292388916015625e+01,7.871781289577484131e-02
1.381833457946777344e+01,2.809437215328216553e-01
1.374617004394531250e+01,2.279271781444549561e-01
1.394170093536376953e+01,8.810098767280578613e-01
1.436315631866455078e+01,-2.801564754918217659e-03
1.401880455017089844e+01,2.378407716751098633e-01
1.375446128845214844e+01,2.258280366659164429e-01
1.412455749511718750e+01,5.885199904441833496e-01
1.470117568969726562e+01,6.686460971832275391e-01
1.476012039184570312e+01,6.035529971122741699e-01
1.470552158355712891e+01,3.860377967357635498e-01
1.423404788970947266e+01,2.261038273572921753e-01
1.440072631835937500e+01,7.838021963834762573e-02
1.431468105316162109e+01,2.066763043403625488e-01
1.428332710266113281e+01,6.124756932258605957e-01
1.453371143341064453e+01,6.174877882003784180e-01
1.454955387115478516e+01,1.036132723093032837e-01
1.421797180175781250e+01,1.800354719161987305e-01
1.427246570587158203e+01,2.116997539997100830e-01
6.478438973426818848e-01,1.031444644927978516e+01
1.243247413635253906e+01,-9.685015678405761719e+00
-3.781121253967285156e+00,1.220890045166015625e+01
3.732796669006347656e+00,8.772278785705566406e+00
7.390473365783691406e+00,-7.194198131561279297e+00
-5.933366298675537109e+00,8.979839324951171875e+00
-8.691376686096191406e+00,4.693767070770263672e+00
1.543162584304809570e+00,3.125969171524047852e+00
-7.208302021026611328e+00,1.255761337280273438e+01
-7.437907218933105469e+00,7.726773262023925781e+00
1.865896987915039062e+01,-5.366905689239501953e+00
1.151600933074951172e+01,1.539231395721435547e+01
8.825643539428710938e+00,-1.501539230346679688e+00
8.828444480895996094e+00,-1.098844647407531738e+00
8.601056098937988281e+00,-1.404771447181701660e+00
8.594038009643554688e+00,-1.520940661430358887e+00
8.393382072448730469e+00,-1.254387021064758301e+00
8.523757934570312500e+00,-1.259523749351501465e+00
8.838250160217285156e+00,-1.201669335365295410e+00
9.434013366699218750e+00,-1.299017906188964844e+00
8.907452583312988281e+00,-1.201545953750610352e+00
8.574057579040527344e+00,-1.039429426193237305e+00
8.473922729492187500e+00,-1.253363966941833496e+00
8.242881774902343750e+00,-1.617723464965820312e+00
8.873517036437988281e+00,-2.263330221176147461e+00
9.870378494262695312e+00,-3.465734124183654785e-01
9.424804687500000000e+00,-8.353496789932250977e-01
9.260430335998535156e+00,-1.265816569328308105e+00
9.188886642456054688e+00,-1.556630849838256836e+00
9.188338279724121094e+00,-1.534488081932067871e+00
9.394003868103027344e+00,-1.331543684005737305e+00
9.918697357177734375e+00,-1.185463786125183105e+00
1.357866954803466797e+01,2.597387135028839111e-01
8.689852714538574219e+00,-1.122668385505676270e+00
9.069169998168945312e+00,-1.546995759010314941e+00
8.144819259643554688e+00,-1.096587538719177246e+00
7.655460357666015625e+00,-1.795717120170593262e+00
9.832039833068847656e+00,-5.879806280136108398e-01
8.353240013122558594e+00,-8.208625316619873047e-01
1.028331947326660156e+01,-1.381788849830627441e+00
9.747979164123535156e+00,-1.436478614807128906e+00
1.021323013305664062e+01,-1.697650790214538574e+00
9.798814773559570312e+00,-1.267436742782592773e+00
1.052633094787597656e+01,-1.362976789474487305e+00
1.044813823699951172e+01,-8.715361356735229492e-01
9.282013893127441406e+00,-1.204442620277404785e+00
8.223840713500976562e+00,-1.873151212930679321e-01
9.189099311828613281e+00,-2.699299097061157227e+00
1.401232147216796875e+01,3.167614936828613281e-01
1.451326274871826172e+01,1.409497708082199097e-01
1.415927696228027344e+01,1.889928877353668213e-01
1.385600471496582031e+01,1.161663308739662170e-01
1.391348171234130859e+01,9.808553010225296021e-02
1.408453464508056641e+01,1.339755952358245850e-01
1.406249141693115234e+01,1.733835339546203613e-01
1.405407428741455078e+01,9.375959634780883789e-02
1.429635047912597656e+01,1.628482639789581299e-01
1.414382457733154297e+01,4.731831848621368408e-01
1.382155323028564453e+01,2.192556560039520264e-01
1.389690876007080078e+01,1.191838830709457397e-01
1.424098205566406250e+01,2.659639418125152588e-01
1.460356140136718750e+01,1.023974269628524780e-01
1.445617008209228516e+01,6.022560000419616699e-01
1.427915954589843750e+01,6.760717630386352539e-01
1.455703544616699219e+01,2.588393092155456543e-01
1.446692848205566406e+01,9.479254484176635742e-02
1.426504516601562500e+01,1.433148682117462158e-01
1.464167785644531250e+01,2.467779070138931274e-01
1.474102783203125000e+01,4.452841579914093018e-01
1.475923538208007812e+01,4.385857284069061279e-01
1.422435188293457031e+01,3.875487148761749268e-01
1.435851383209228516e+01,3.943230509757995605e-01
4.011363387107849121e-01,-8.201561927795410156e+00
7.080845236778259277e-01,9.601601958274841309e-01
1.797714996337890625e+01,-1.115691280364990234e+01
-5.125586032867431641e+00,3.771432399749755859e+00
-1.011155033111572266e+01,3.286303043365478516e+00
2.097229576110839844e+01,5.561983108520507812e+00
6.142495155334472656e+00,7.728855609893798828e-01
1.452875423431396484e+01,-9.592011451721191406e+00
9.009950637817382812e+00,-1.327170944213867188e+01
1.029651451110839844e+01,1.055237579345703125e+01
6.206640720367431641e+00,1.631649017333984375e+01
-2.736916780471801758e+00,1.712554550170898438e+01
8.344089508056640625e+00,-7.282005548477172852e-01
8.871670722961425781e+00,-7.649269700050354004e-01
8.623687744140625000e+00,-2.010971009731292725e-01
9.422704696655273438e+00,-9.152926206588745117e-01
9.123749732971191406e+00,-4.109390974044799805e-01
8.694085121154785156e+00,-9.574564546346664429e-02
8.417721748352050781e+00,-8.163220286369323730e-01
8.339281082153320312e+00,-1.969919949769973755e-01
8.596046447753906250e+00,1.106207445263862610e-01
9.686523437500000000e+00,7.624228596687316895e-01
9.283304214477539062e+00,-3.580423295497894287e-01
8.576378822326660156e+00,-3.217286467552185059e-01
8.549472808837890625e+00,-1.107877731323242188e+00
9.570151329040527344e+00,-4.887242913246154785e-01
1.030807113647460938e+01,-1.212641596794128418e+00
1.003670787811279297e+01,-1.542951703071594238e+00
9.532155036926269531e+00,-1.135477781295776367e+00
8.682937622070312500e+00,-7.797910571098327637e-01
8.648591995239257812e+00,-1.395675778388977051e+00
9.557719230651855469e+00,-8.559784293174743652e-01
9.650193214416503906e+00,2.948310971260070801e-01
1.332137393951416016e+01,5.517133474349975586e-01
8.205182075500488281e+00,-4.442152082920074463e-01
7.591630935668945312e+00,-1.620369791984558105e+00
1.408198356628417969e+01,3.634057044982910156e-01
1.444102764129638672e+01,4.130986928939819336e-01
1.433436775207519531e+01,7.929311692714691162e-02
1.413272953033447266e+01,4.850157201290130615e-01
1.401465988159179688e+01,1.881787776947021484e-01
1.393403244018554688e+01,-1.210409179329872131e-01
1.387636470794677734e+01,2.493509203195571899e-01
1.419841861724853516e+01,6.577311754226684570e-01
1.432857036590576172e+01,1.017998009920120239e-01
1.458216190338134766e+01,3.780184686183929443e-01
1.381279945373535156e+01,4.300005137920379639e-01
1.380761909484863281e+01,5.184144973754882812e-01
1.422358512878417969e+01,7.394201159477233887e-01
1.480660247802734375e+01,3.655164837837219238e-01
1.419491767883300781e+01,3.226067721843719482e-01
1.425942707061767578e+01,2.514382898807525635e-01
1.399141407012939453e+01,3.457955420017242432e-01
1.415594673156738281e+01,5.991057306528091431e-02
1.387339782714843750e+01,6.089932918548583984e-01
1.424041652679443359e+01,5.904509425163269043e-01
1.462356376647949219e+01,4.461889341473579407e-02
1.457556819915771484e+01,1.170476227998733521e-01
1.394588756561279297e+01,2.553692460060119629e-01
1.381855297088623047e+01,7.536305785179138184e-01
1.452257251739501953e+01,7.077980637550354004e-01
1.484880447387695312e+01,4.938997328281402588e-01
1.475768280029296875e+01,2.815847694873809814e-01
1.465459156036376953e+01,2.214892208576202393e-01
1.452411556243896484e+01,2.935705482959747314e-01
1.464221668243408203e+01,2.252616286277770996e-01
1.439195442199707031e+01,4.624557495117187500e-01
1.444516849517822266e+01,6.273005604743957520e-01
1.462834453582763672e+01,2.011784017086029053e-01
1.465690135955810547e+01,2.083295583724975586e-01
1.467825126647949219e+01,3.586833178997039795e-01
1.411896228790283203e+01,8.850138783454895020e-01
1.243212699890136719e+01,-9.683953285217285156e+00
-3.781117439270019531e+00,1.220889759063720703e+01
3.733238220214843750e+00,8.771611213684082031e+00
7.390099048614501953e+00,-7.194644451141357422e+00
-5.933361530303955078e+00,8.979842185974121094e+00
-8.691363334655761719e+00,4.693772315979003906e+00
1.542781352996826172e+00,3.126314640045166016e+00
-7.208298683166503906e+00,1.255760478973388672e+01
-7.437864780426025391e+00,7.726903438568115234e+00
1.865840148925781250e+01,-5.366444587707519531e+00
1.151603221893310547e+01,1.539241027832031250e+01
6.478791236877441406e-01,1.031441497802734375e+01
9.320597648620605469e+00,-1.027457833290100098e+00
8.674559593200683594e+00,-1.171823978424072266e+00
8.739724159240722656e+00,-1.305565953254699707e+00
8.727540016174316406e+00,-1.146471858024597168e+00
8.805828094482421875e+00,-1.301094174385070801e+00
8.616914749145507812e+00,-1.517240881919860840e+00
9.496549606323242188e+00,-1.404775619506835938e+00
9.565402030944824219e+00,-7.349056601524353027e-01
9.525543212890625000e+00,-1.477337360382080078e+00
8.474896430969238281e+00,-8.786292672157287598e-01
8.597286224365234375e+00,-1.326007246971130371e+00
9.028696060180664062e+00,-1.587954640388488770e+00
1.069413948059082031e+01,-1.129548549652099609e+00
9.647799491882324219e+00,-6.320545077323913574e-01
9.625679969787597656e+00,-8.080222010612487793e-01
9.012542724609375000e+00,-8.109843730926513672e-01
9.653182983398437500e+00,-1.649319887161254883e+00
9.488107681274414062e+00,-1.512945890426635742e+00
9.444585800170898438e+00,-1.117338418960571289e+00
1.012566471099853516e+01,-2.718612551689147949e-01
1.457035160064697266e+01,-1.853260546922683716e-01
8.793038368225097656e+00,-1.086348295211791992e+00
9.387950897216796875e+00,-1.626413583755493164e+00
1.077071189880371094e+01,-1.859377145767211914e+00
1.067694759368896484e+01,-1.039762854576110840e+00
1.005617237091064453e+01,-4.800593852996826172e-01
9.715319633483886719e+00,-8.242295980453491211e-01
8.613256454467773438e+00,-2.011757135391235352e+00
9.849693298339843750e+00,-1.731453180313110352e+00
1.004647922515869141e+01,-1.423290729522705078e+00
9.835253715515136719e+00,-1.016771197319030762e+00
9.358382225036621094e+00,-2.829375565052032471e-01
1.411806774139404297e+01,-4.094412624835968018e-01
1.479183959960937500e+01,3.948867619037628174e-01
1.072617435455322266e+01,-2.086646795272827148e+00
1.095318317413330078e+01,-1.399188518524169922e+00
1.394130420684814453e+01,2.546092867851257324e-01
1.469176673889160156e+01,1.920429915189743042e-01
1.438007545471191406e+01,8.421467989683151245e-02
1.416100025177001953e+01,6.002689003944396973e-01
1.392310047149658203e+01,8.481173217296600342e-02
1.413560581207275391e+01,-5.087362229824066162e-02
1.413849735260009766e+01,4.173353910446166992e-01
1.456554412841796875e+01,2.914998829364776611e-01
1.436233329772949219e+01,2.277907431125640869e-01
1.473369121551513672e+01,4.249099493026733398e-01
1.391000556945800781e+01,9.937627911567687988e-01
1.400946044921875000e+01,6.884642839431762695e-01
1.462834262847900391e+01,4.019455015659332275e-01
1.473294925689697266e+01,2.949158847332000732e-01
1.458842754364013672e+01,1.791276782751083374e-01
1.445969200134277344e+01,6.924325823783874512e-01
1.451857471466064453e+01,5.911551117897033691e-01
1.456848621368408203e+01,1.054939106106758118e-01
1.467330551147460938e+01,2.429472953081130981e-01
1.467917919158935547e+01,2.013686150312423706e-01
1.476155090332031250e+01,2.127898484468460083e-01
1.482000732421875000e+01,3.925484716892242432e-01
1.454921722412109375e+01,6.680715680122375488e-01
1.437474346160888672e+01,6.630024313926696777e-01
-2.736914634704589844e+00,1.712554168701171875e+01
4.011922776699066162e-01,-8.201524734497070312e+00
7.082279920578002930e-01,9.597787261009216309e-01
1.797769165039062500e+01,-1.115756416320800781e+01
-5.123663425445556641e+00,3.771035671234130859e+00
-1.011158752441406250e+01,3.286308526992797852e+00
2.096931266784667969e+01,5.560741424560546875e+00
6.131230354309082031e+00,7.765475511550903320e-01
1.452583312988281250e+01,-9.587557792663574219e+00
9.009951591491699219e+00,-1.327170658111572266e+01
1.029647445678710938e+01,1.055186748504638672e+01
6.206655025482177734e+00,1.631646728515625000e+01
8.869881629943847656e+00,-5.676951408386230469e-01
9.279124259948730469e+00,-1.180310606956481934e+00
8.943280220031738281e+00,-7.961275577545166016e-01
9.423774719238281250e+00,-9.026851058006286621e-01
9.578405380249023438e+00,-1.242630243301391602e+00
8.738490104675292969e+00,-9.467587620019912720e-02
8.787114143371582031e+00,-6.708434969186782837e-02
8.836204528808593750e+00,-5.436965823173522949e-01
8.692315101623535156e+00,-2.854054570198059082e-01
9.094914436340332031e+00,6.106377840042114258e-01
9.199099540710449219e+00,7.649351377040147781e-03
9.490881919860839844e+00,-3.587113618850708008e-01
9.966251373291015625e+00,-6.454405188560485840e-01
9.889635086059570312e+00,-4.644130170345306396e-01
1.486713695526123047e+01,-9.991860948503017426e-03
9.730507850646972656e+00,-1.199880123138427734e+00
9.760962486267089844e+00,-1.423914670944213867e+00
6.836323261260986328e+00,-2.211531162261962891e+00
1.024159526824951172e+01,-9.380428194999694824e-01
9.274247169494628906e+00,-2.209103405475616455e-01
1.405664253234863281e+01,-5.722839236259460449e-01
9.270153999328613281e+00,9.287818670272827148e-01
1.085350418090820312e+01,-2.205235481262207031e+00
1.073283195495605469e+01,-1.266523003578186035e+00
1.397182083129882812e+01,3.489021956920623779e-01
1.439035320281982422e+01,4.383603632450103760e-01
1.439119720458984375e+01,1.582324802875518799e-01
1.442713737487792969e+01,6.313944458961486816e-01
1.396304702758789062e+01,3.374783992767333984e-01
1.396459960937500000e+01,-7.222924381494522095e-02
1.395047664642333984e+01,2.827367782592773438e-01
1.455076026916503906e+01,6.725223660469055176e-01
1.461610984802246094e+01,5.989250913262367249e-02
1.456817817687988281e+01,3.175570964813232422e-01
1.384583854675292969e+01,3.430034220218658447e-01
1.390016555786132812e+01,8.240004181861877441e-01
1.419017219543457031e+01,5.928243398666381836e-01
1.470815467834472656e+01,4.618734419345855713e-01
1.443260478973388672e+01,5.327995494008064270e-02
1.465422439575195312e+01,5.007964372634887695e-01
1.417877578735351562e+01,4.570168554782867432e-01
1.408121013641357422e+01,2.701018005609512329e-02
1.381927299499511719e+01,3.240700364112854004e-01
1.450018882751464844e+01,6.192353367805480957e-01
1.465916252136230469e+01,1.471268981695175171e-01
1.455074882507324219e+01,2.075040042400360107e-01
1.383056354522705078e+01,3.329641819000244141e-01
1.423007965087890625e+01,8.031995892524719238e-01
1.468879699707031250e+01,5.080770254135131836e-01
1.480456924438476562e+01,4.235780537128448486e-01
1.471772289276123047e+01,1.155759468674659729e-01
1.479620361328125000e+01,3.966172039508819580e-01
1.471906661987304688e+01,4.362229704856872559e-01
1.457315826416015625e+01,5.008547306060791016e-01
1.447925949096679688e+01,4.591962099075317383e-01
1.463428115844726562e+01,3.721803128719329834e-01
1.466478919982910156e+01,6.798526644706726074e-02
1.467231464385986328e+01,4.220436513423919678e-01
1.426663303375244141e+01,6.005382537841796875e-01
1.451271343231201172e+01,8.185274600982666016e-01
-3.781021595001220703e+00,1.220890808105468750e+01
3.732754468917846680e+00,8.772444725036621094e+00
7.390987873077392578e+00,-7.195260047912597656e+00
-5.933425426483154297e+00,8.979786872863769531e+00
-8.691371917724609375e+00,4.693767070770263672e+00
1.542022824287414551e+00,3.126658439636230469e+00
-7.208302974700927734e+00,1.255760097503662109e+01
-7.437888622283935547e+00,7.726760864257812500e+00
1.865913772583007812e+01,-5.367019176483154297e+00
1.151661777496337891e+01,1.539457798004150391e+01
6.479462385177612305e-01,1.031435203552246094e+01
1.243259716033935547e+01,-9.685350418090820312e+00
8.772590637207031250e+00,-1.084305047988891602e+00
8.771650314331054688e+00,-1.091099143028259277e+00
8.697948455810546875e+00,-1.621357560157775879e+00
8.894815444946289062e+00,-1.168777108192443848e+00
8.787449836730957031e+00,-1.100939035415649414e+00
9.387325286865234375e+00,-1.241924405097961426e+00
9.466275215148925781e+00,-5.599732398986816406e-01
9.170747756958007812e+00,-6.674724221229553223e-01
9.606348991394042969e+00,-1.244253039360046387e+00
8.717571258544921875e+00,-9.527908563613891602e-01
1.030508232116699219e+01,-1.704369306564331055e+00
1.019013404846191406e+01,-1.132622718811035156e+00
1.047940731048583984e+01,-9.382308721542358398e-01
9.743275642395019531e+00,-8.406866788864135742e-01
6.602838516235351562e+00,-4.710675716400146484e+00
8.984959602355957031e+00,-9.211710691452026367e-01
9.690737724304199219e+00,-1.658328533172607422e+00
9.774759292602539062e+00,-1.355243563652038574e+00
1.052539634704589844e+01,-8.120312094688415527e-01
9.602388381958007812e+00,9.439979679882526398e-03
1.463803672790527344e+01,-1.146121695637702942e-01
1.457307815551757812e+01,5.870299935340881348e-01
1.067069625854492188e+01,-2.112322330474853516e+00
1.051401996612548828e+01,-1.539414167404174805e+00
1.058807945251464844e+01,-1.039599895477294922e+00
9.910280227661132812e+00,-7.505332827568054199e-01
6.681583404541015625e+00,-4.669647693634033203e+00
9.064643859863281250e+00,-8.458372354507446289e-01
9.890320777893066406e+00,-1.746333956718444824e+00
1.010507297515869141e+01,-1.422217845916748047e+00
1.040557479858398438e+01,-8.300090432167053223e-01
9.479258537292480469e+00,-8.288670331239700317e-03
5.261590957641601562e+00,-2.443532705307006836e+00
9.560778617858886719e+00,1.045629143714904785e+00
1.074939060211181641e+01,-2.092746973037719727e+00
1.072258186340332031e+01,-1.464894652366638184e+00
1.392946529388427734e+01,3.875836431980133057e-01
1.461450672149658203e+01,2.805950939655303955e-01
1.459824275970458984e+01,7.886739075183868408e-02
1.458307456970214844e+01,3.261598050594329834e-01
1.391213607788085938e+01,3.651937544345855713e-01
1.410238075256347656e+01,5.736117437481880188e-02
1.423055744171142578e+01,4.117961525917053223e-01
1.470368576049804688e+01,6.568036079406738281e-01
1.472126770019531250e+01,3.417396172881126404e-02
1.473509025573730469e+01,4.148845672607421875e-01
1.394077777862548828e+01,4.827907383441925049e-01
1.400416278839111328e+01,9.240992069244384766e-01
1.440858936309814453e+01,7.376743555068969727e-01
1.486544609069824219e+01,3.540573120117187500e-01
1.476383018493652344e+01,8.959154784679412842e-02
1.482903575897216797e+01,3.294011950492858887e-01
1.440228843688964844e+01,7.388452291488647461e-01
1.462780189514160156e+01,5.797080397605895996e-01
1.476452255249023438e+01,3.198881149291992188e-01
1.483123302459716797e+01,3.447150290012359619e-01
1.473281002044677734e+01,1.071657612919807434e-01
1.474637413024902344e+01,3.223400115966796875e-01
1.477513122558593750e+01,4.660948812961578369e-01
1.448295593261718750e+01,7.750582098960876465e-01
6.206662654876708984e+00,1.631647682189941406e+01
-2.736908674240112305e+00,1.712555122375488281e+01
4.025282859802246094e-01,-8.200799942016601562e+00
6.881214976310729980e-01,9.598317146301269531e-01
1.797770118713378906e+01,-1.115758800506591797e+01
-5.123610496520996094e+00,3.771502733230590820e+00
-1.011162662506103516e+01,3.286307573318481445e+00
2.097246551513671875e+01,5.562063217163085938e+00
6.134997367858886719e+00,7.635654807090759277e-01
1.452505779266357422e+01,-9.586877822875976562e+00
9.009964942932128906e+00,-1.327175331115722656e+01
1.029657649993896484e+01,1.055277347564697266e+01
9.570336341857910156e+00,-5.254086852073669434e-01
9.178861618041992188e+00,-4.600469470024108887e-01
9.458806991577148438e+00,-1.995574235916137695e+00
8.663932800292968750e+00,-8.624655604362487793e-01
9.259346961975097656e+00,-7.461258172988891602e-01
7.725882053375244141e+00,-1.914826273918151855e+00
9.031172752380371094e+00,6.496899127960205078e-01
8.905102729797363281e+00,-1.905572563409805298e-01
5.150836467742919922e+00,-3.039272308349609375e+00
8.882996559143066406e+00,1.426947861909866333e-01
9.070777893066406250e+00,3.147651255130767822e-01
9.033631324768066406e+00,-4.893392622470855713e-01
1.064214229583740234e+01,-1.018666863441467285e+00
1.011020660400390625e+01,-5.451800823211669922e-01
1.488764476776123047e+01,-2.199047431349754333e-02
9.215310096740722656e+00,-9.361528754234313965e-01
9.829611778259277344e+00,-1.590030074119567871e+00
9.979633331298828125e+00,-1.369279146194458008e+00
1.002869129180908203e+01,-8.624379038810729980e-01
9.072180747985839844e+00,-2.153473198413848877e-01
4.996737003326416016e+00,-2.663268089294433594e+00
9.427137374877929688e+00,1.008477330207824707e+00
1.061300754547119141e+01,-2.202907562255859375e+00
9.754193305969238281e+00,-9.159408211708068848e-01
1.382030963897705078e+01,2.469917386770248413e-01
1.419014549255371094e+01,4.165588021278381348e-01
1.432720375061035156e+01,4.296201094985008240e-02
1.440103340148925781e+01,7.133473753929138184e-01
1.382739543914794922e+01,1.518136262893676758e-01
1.400248336791992188e+01,-5.538021028041839600e-02
1.398028373718261719e+01,3.009018599987030029e-01
1.451364231109619141e+01,7.250487208366394043e-01
1.418258762359619141e+01,5.277090668678283691e-01
1.404633045196533203e+01,2.534463107585906982e-01
1.380177211761474609e+01,3.216646909713745117e-01
1.392242050170898438e+01,6.299834847450256348e-01
1.408203697204589844e+01,4.716101884841918945e-01
1.451234149932861328e+01,3.574795424938201904e-01
1.437014102935791016e+01,2.779183387756347656e-01
1.449965763092041016e+01,7.240429520606994629e-01
1.415225124359130859e+01,4.046342074871063232e-01
1.407645416259765625e+01,-1.170649309642612934e-03
1.394405174255371094e+01,2.530453503131866455e-01
1.465131378173828125e+01,4.069789350032806396e-01
1.445690631866455078e+01,2.386046051979064941e-01
1.419751262664794922e+01,3.991478979587554932e-01
1.396082782745361328e+01,1.458473652601242065e-01
1.431310653686523438e+01,6.083759069442749023e-01
1.465760231018066406e+01,4.053637087345123291e-01
1.455202674865722656e+01,2.680087983608245850e-01
1.477997112274169922e+01,3.016808331012725830e-01
1.485516262054443359e+01,6.053875088691711426e-01
1.473761940002441406e+01,4.791497886180877686e-01
1.440568161010742188e+01,3.493859767913818359e-01
1.455138206481933594e+01,3.187269568443298340e-01
1.460369491577148438e+01,1.380787193775177002e-01
1.454373455047607422e+01,1.809388697147369385e-01
1.460429668426513672e+01,4.665237665176391602e-01
1.448486709594726562e+01,7.316111922264099121e-01
1.462971496582031250e+01,4.074107706546783447e-01
3.732796669006347656e+00,8.772671699523925781e+00
7.390158176422119141e+00,-7.195759773254394531e+00
-5.932967185974121094e+00,8.980175971984863281e+00
-8.691411972045898438e+00,4.693702697753906250e+00
1.528872489929199219e+00,3.139815330505371094e+00
-7.208300113677978516e+00,1.255761146545410156e+01
-7.437946319580078125e+00,7.726701259613037109e+00
1.864459228515625000e+01,-5.357880592346191406e+00
1.151603889465332031e+01,1.539239501953125000e+01
6.478562951087951660e-01,1.031444168090820312e+01
1.243254280090332031e+01,-9.685304641723632812e+00
-3.781155586242675781e+00,1.220891952514648438e+01
8.843544960021972656e+00,-1.188223123550415039e+00
9.274401664733886719e+00,-3.605093002319335938e+00
8.816018104553222656e+00,-1.193578124046325684e+00
8.894893646240234375e+00,-9.833322763442993164e-01
1.580034971237182617e+00,3.102180957794189453e+00
9.488897323608398438e+00,-6.105840802192687988e-01
8.867331504821777344e+00,-1.216270208358764648e+00
9.265215873718261719e+00,-1.046834349632263184e+00
9.462996482849121094e+00,-1.198590636253356934e+00
8.827195167541503906e+00,-1.095519661903381348e+00
1.013014888763427734e+01,-1.217598199844360352e+00
8.953723907470703125e+00,-1.243037581443786621e+00
1.058806228637695312e+01,-9.894247055053710938e-01
9.848667144775390625e+00,-8.599035739898681641e-01
9.771615982055664062e+00,-9.166613221168518066e-01
9.019100189208984375e+00,-9.413043260574340820e-01
1.003265094757080078e+01,-1.655796527862548828e+00
1.053894424438476562e+01,-1.200131893157958984e+00
9.925503730773925781e+00,-7.069390416145324707e-01
9.541133880615234375e+00,-6.695876270532608032e-02
1.459543132781982422e+01,-1.653801798820495605e-01
1.397381210327148438e+01,1.841668635606765747e-01
1.011458873748779297e+01,-1.520052194595336914e+00
1.036479854583740234e+01,-1.602765440940856934e+00
1.053538703918457031e+01,-1.295099496841430664e+00
1.003687286376953125e+01,-6.358321905136108398e-01
9.825942039489746094e+00,-8.518475294113159180e-01
9.187262535095214844e+00,-9.756464362144470215e-01
1.008439445495605469e+01,-1.645383954048156738e+00
1.022119045257568359e+01,-1.408220410346984863e+00
1.074810695648193359e+01,-8.743956089019775391e-01
9.541832923889160156e+00,-4.126879200339317322e-02
5.376147270202636719e+00,-2.369872331619262695e+00
9.540127754211425781e+00,9.977851510047912598e-01
1.059934139251708984e+01,-2.047273397445678711e+00
1.061452579498291016e+01,-1.440127491950988770e+00
1.383429241180419922e+01,2.222776561975479126e-01
1.415228843688964844e+01,3.592392504215240479e-01
1.450558376312255859e+01,1.421024203300476074e-01
1.465009784698486328e+01,2.295702248811721802e-01
1.387440109252929688e+01,2.539638280868530273e-01
1.404491043090820312e+01,1.882974803447723389e-02
1.427996540069580078e+01,4.275113642215728760e-01
1.459786415100097656e+01,6.265582442283630371e-01
1.425065612792968750e+01,7.654981017112731934e-01
1.440823268890380859e+01,2.733684480190277100e-01
1.392077350616455078e+01,4.184332191944122314e-01
1.401961517333984375e+01,8.042710423469543457e-01
1.449148178100585938e+01,6.856115460395812988e-01
1.459428215026855469e+01,6.203503608703613281e-01
1.470342826843261719e+01,2.826629281044006348e-01
1.469535636901855469e+01,2.603216469287872314e-01
1.467846679687500000e+01,4.225017130374908447e-01
1.449492263793945312e+01,6.065028905868530273e-01
1.466194438934326172e+01,4.116625189781188965e-01
1.485912609100341797e+01,4.945049881935119629e-01
1.471706962585449219e+01,2.572943568229675293e-01
1.457962226867675781e+01,1.975770741701126099e-01
1.465928745269775391e+01,3.516772091388702393e-01
1.461209678649902344e+01,3.599429726600646973e-01
1.029640293121337891e+01,1.055218982696533203e+01
6.206653594970703125e+00,1.631648063659667969e+01
-2.736919879913330078e+00,1.712554550170898438e+01
4.018179774284362793e-01,-8.201197624206542969e+00
7.099630236625671387e-01,9.608323574066162109e-01
1.797773933410644531e+01,-1.115766239166259766e+01
-5.124155521392822266e+00,3.771516084671020508e+00
-1.011159229278564453e+01,3.286310195922851562e+00
2.097163963317871094e+01,5.561717033386230469e+00
6.133408546447753906e+00,7.755418419837951660e-01
1.452672386169433594e+01,-9.587939262390136719e+00
9.009953498840332031e+00,-1.327167606353759766e+01
1.026725578308105469e+01,-2.026341915130615234e+00
9.569019317626953125e+00,-4.312681853771209717e-01
9.366939544677734375e+00,-1.883296370506286621e+00
8.421879768371582031e+00,-7.958953976631164551e-01
8.554178237915039062e+00,-1.089444994926452637e+00
9.069670677185058594e+00,-5.728877782821655273e-01
9.180296897888183594e+00,8.204406499862670898e-01
9.072967529296875000e+00,2.211938798427581787e-01
8.811410903930664062e+00,-2.717165946960449219e-01
8.933048248291015625e+00,-1.462110519409179688e+00
9.337744712829589844e+00,2.525542676448822021e-01
8.753546714782714844e+00,-2.761051654815673828e-01
1.044274425506591797e+01,-1.592797040939331055e+00
1.019900512695312500e+01,-6.120142936706542969e-01
1.489921474456787109e+01,6.234104279428720474e-03
9.042068481445312500e+00,-9.978762865066528320e-01
9.322686195373535156e+00,-1.566550493240356445e+00
1.017840957641601562e+01,-1.624415159225463867e+00
1.071607398986816406e+01,-9.512795805931091309e-01
9.166630744934082031e+00,2.796744555234909058e-02
9.183535575866699219e+00,-1.352757960557937622e-01
9.501825332641601562e+00,1.060330510139465332e+00
1.066868782043457031e+01,-2.108444452285766602e+00
9.059161186218261719e+00,-4.782008230686187744e-01
1.399793434143066406e+01,2.151754349470138550e-01
1.377845764160156250e+01,2.899262011051177979e-01
1.394677352905273438e+01,1.007632166147232056e-01
1.411592864990234375e+01,5.687681436538696289e-01
1.389164447784423828e+01,1.501156389713287354e-01
1.382716274261474609e+01,-7.722053676843643188e-02
1.394128704071044922e+01,8.226993680000305176e-02
1.389478492736816406e+01,9.209088683128356934e-01
1.385675430297851562e+01,3.427443802356719971e-01
1.385812473297119141e+01,9.422627091407775879e-02
1.385620117187500000e+01,2.392084151506423950e-01
1.400767612457275391e+01,5.653341487050056458e-02
1.394673156738281250e+01,3.427729308605194092e-01
1.395489978790283203e+01,1.817789226770401001e-01
1.436098098754882812e+01,4.766105711460113525e-01
1.426754856109619141e+01,5.498559474945068359e-01
1.409873676300048828e+01,1.077650673687458038e-02
1.392714595794677734e+01,8.821167796850204468e-02
1.392540836334228516e+01,1.288619935512542725e-01
1.455300617218017578e+01,2.982029020786285400e-01
1.392273330688476562e+01,3.067536950111389160e-01
1.377258872985839844e+01,3.494431972503662109e-01
1.393107891082763672e+01,1.393886208534240723e-01
1.406456279754638672e+01,2.666899561882019043e-01
1.444123172760009766e+01,1.409192830324172974e-01
1.463461303710937500e+01,4.155847132205963135e-01
1.468278026580810547e+01,4.944583773612976074e-01
1.477293205261230469e+01,4.401587843894958496e-01
1.423025131225585938e+01,1.653327792882919312e-01
1.451937961578369141e+01,9.537886083126068115e-02
1.448329257965087891e+01,1.464204043149948120e-01
1.458673954010009766e+01,1.178678944706916809e-01
1.474510383605957031e+01,5.178894996643066406e-01
1.459121227264404297e+01,6.000800728797912598e-01
1.468256950378417969e+01,4.166509807109832764e-01
1.460863399505615234e+01,2.159671783447265625e-01
7.389938831329345703e+00,-7.195214748382568359e+00
-5.933256149291992188e+00,8.979933738708496094e+00
-8.691249847412109375e+00,4.693888664245605469e+00
1.543307065963745117e+00,3.125801086425781250e+00
-7.208311080932617188e+00,1.255760765075683594e+01
-7.437880516052246094e+00,7.726755142211914062e+00
1.865936088562011719e+01,-5.367142200469970703e+00
1.151603221893310547e+01,1.539239025115966797e+01
6.482043862342834473e-01,1.031371212005615234e+01
1.243255805969238281e+01,-9.685598373413085938e+00
-3.781122207641601562e+00,1.220890617370605469e+01
3.733331441879272461e+00,8.770755767822265625e+00
8.496598243713378906e+00,-8.877830505371093750e-01
8.846429824829101562e+00,-1.154368162155151367e+00
8.825591087341308594e+00,-1.088285326957702637e+00
9.548744201660156250e+00,-1.130045354366302490e-01
9.355281829833984375e+00,-6.997452378273010254e-01
8.688286781311035156e+00,-1.268862247467041016e+00
8.451581954956054688e+00,-8.668401241302490234e-01
8.999053955078125000e+00,-4.609017968177795410e-01
9.122339248657226562e+00,-1.136092662811279297e+00
9.968129158020019531e+00,-1.396909832954406738e+00
9.947498321533203125e+00,-7.759137153625488281e-01
8.711516380310058594e+00,-1.235724210739135742e+00
9.453615188598632812e+00,-1.943649530410766602e+00
9.826963424682617188e+00,-1.157578349113464355e+00
9.888064384460449219e+00,-8.224722743034362793e-01
9.299186706542968750e+00,-5.809296965599060059e-01
1.331926059722900391e+01,-1.536167025566101074e+00
7.649937629699707031e+00,-1.652925848960876465e+00
9.782099723815917969e+00,-8.081324696540832520e-01
9.481201171875000000e+00,-3.576019704341888428e-01
1.346046257019042969e+01,4.911244809627532959e-01
1.054563331604003906e+01,-1.950519561767578125e+00
1.005306053161621094e+01,-1.239127397537231445e+00
9.236804008483886719e+00,-1.362369418144226074e+00
1.067827892303466797e+01,-1.667335152626037598e+00
1.068291950225830078e+01,-1.651746273040771484e+00
9.931293487548828125e+00,-1.187349915504455566e+00
9.415907859802246094e+00,-6.786957383155822754e-01
8.192190170288085938e+00,-4.906432330608367920e-01
1.358276176452636719e+01,-9.842569231986999512e-01
7.624409675598144531e+00,-1.735839009284973145e+00
9.469057083129882812e+00,-6.174672245979309082e-01
1.032060432434082031e+01,-1.860585331916809082e+00
1.054876804351806641e+01,-1.836013436317443848e+00
1.055192279815673828e+01,-1.820353746414184570e+00
1.098482704162597656e+01,-1.823288679122924805e+00
1.390333080291748047e+01,1.630803793668746948e-01
1.396041107177734375e+01,5.079523846507072449e-02
1.386530971527099609e+01,3.652105629444122314e-01
1.457886314392089844e+01,3.378175795078277588e-01
1.378792095184326172e+01,3.312635421752929688e-01
1.400193119049072266e+01,7.209742069244384766e-02
1.404726600646972656e+01,2.085483632981777191e-02
1.388049888610839844e+01,8.279073834419250488e-01
1.385708045959472656e+01,1.061128616333007812e+00
1.384990024566650391e+01,4.362558722496032715e-01
1.403763580322265625e+01,2.564619481563568115e-01
1.407558822631835938e+01,3.721511065959930420e-01
1.460270309448242188e+01,4.886222779750823975e-01
1.456199359893798828e+01,6.410084366798400879e-01
1.452426528930664062e+01,5.978571176528930664e-01
1.457494926452636719e+01,1.756338477134704590e-01
1.455503559112548828e+01,1.935089081525802612e-01
1.438190650939941406e+01,1.807368695735931396e-01
1.450461387634277344e+01,1.727591007947921753e-01
1.471455097198486328e+01,4.351090788841247559e-01
1.470051097869873047e+01,4.832769632339477539e-01
1.451773548126220703e+01,3.498038053512573242e-01
1.438860797882080078e+01,1.471949815750122070e-01
1.453652095794677734e+01,2.794134616851806641e-01
9.009951591491699219e+00,-1.327173328399658203e+01
1.029618453979492188e+01,1.055149555206298828e+01
6.206655025482177734e+00,1.631646537780761719e+01
-2.736919164657592773e+00,1.712554740905761719e+01
4.012289047241210938e-01,-8.201506614685058594e+00
7.091368436813354492e-01,9.595894813537597656e-01
1.797765350341796875e+01,-1.115754127502441406e+01
-5.123426914215087891e+00,3.770949840545654297e+00
-1.011160850524902344e+01,3.286302566528320312e+00
2.097239112854003906e+01,5.562022209167480469e+00
6.123100757598876953e+00,7.643141746520996094e-01
1.452567481994628906e+01,-9.588278770446777344e+00
8.871364593505859375e+00,-8.178015053272247314e-02
1.020569896697998047e+01,-1.902781248092651367e+00
8.605127334594726562e+00,-1.233455836772918701e-01
8.209780693054199219e+00,-1.786529719829559326e-01
8.383723258972167969e+00,-1.260304689407348633e+00
8.547634124755859375e+00,-6.379806399345397949e-01
8.995711326599121094e+00,-5.102320909500122070e-01
9.417531013488769531e+00,5.979790687561035156e-01
8.819375038146972656e+00,-9.496155381202697754e-02
8.618219375610351562e+00,-2.218943834304809570e-01
8.444973945617675781e+00,-1.218449234962463379e+00
8.527724266052246094e+00,-1.029550433158874512e+00
1.014019966125488281e+01,-2.027117729187011719e+00
1.055079936981201172e+01,-1.641281366348266602e+00
1.320435714721679688e+01,4.153783917427062988e-01
8.832157135009765625e+00,-1.201872706413269043e+00
9.073884963989257812e+00,-1.532333135604858398e+00
8.226858139038085938e+00,-2.062641084194183350e-01
8.206830024719238281e+00,-1.819398701190948486e-01
9.550094604492187500e+00,-4.580386877059936523e-01
9.197707176208496094e+00,9.347411990165710449e-02
1.029521751403808594e+01,-1.942493200302124023e+00
9.441077232360839844e+00,-1.936288833618164062e+00
9.546764373779296875e+00,-2.482690572738647461e+00
1.169110298156738281e+01,-3.037487745285034180e+00
1.188700389862060547e+01,-3.133659839630126953e+00
1.192358875274658203e+01,-2.981164693832397461e+00
1.188563919067382812e+01,-2.969971895217895508e+00
1.198269844055175781e+01,-3.315935134887695312e+00
1.206087017059326172e+01,-3.548821687698364258e+00
1.198734283447265625e+01,-3.344055414199829102e+00
1.162124824523925781e+01,-3.070928096771240234e+00
1.182503128051757812e+01,-3.074274063110351562e+00
1.183107089996337891e+01,-3.110617876052856445e+00
1.182257556915283203e+01,-3.160423994064331055e+00
1.196672534942626953e+01,-3.475798845291137695e+00
9.325395584106445312e+00,-3.869181156158447266e+00
9.669830322265625000e+00,-2.057741165161132812e+00
9.307262420654296875e+00,-3.689169406890869141e+00
9.476541519165039062e+00,-3.732592582702636719e+00
9.366032600402832031e+00,-3.878391504287719727e+00
9.472394943237304688e+00,-4.197139739990234375e+00
9.268652915954589844e+00,-3.783975839614868164e+00
9.169954299926757812e+00,-3.621515512466430664e+00
9.424238204956054688e+00,-2.424457311630249023e+00
9.513998031616210938e+00,-2.060666799545288086e+00
9.455891609191894531e+00,-3.840783596038818359e+00
9.478813171386718750e+00,-4.174777507781982422e+00
7.331859111785888672e+00,-1.302051901817321777e+00
8.169839859008789062e+00,-1.590822696685791016e+00
8.075255393981933594e+00,-1.668740868568420410e+00
8.064889907836914062e+00,-1.594807267189025879e+00
7.386124134063720703e+00,-1.293439865112304688e+00
7.124136447906494141e+00,-1.188965201377868652e+00
7.379127025604248047e+00,-1.253870725631713867e+00
7.297517776489257812e+00,-1.338621139526367188e+00
7.596672534942626953e+00,-1.511628389358520508e+00
8.069886207580566406e+00,-1.512150883674621582e+00
7.340677261352539062e+00,-1.265910148620605469e+00
7.146901130676269531e+00,-1.231359601020812988e+00
-5.933226108551025391e+00,8.979937553405761719e+00
-8.691366195678710938e+00,4.693769931793212891e+00
1.542193412780761719e+00,3.126597404479980469e+00
-7.208298683166503906e+00,1.255760288238525391e+01
-7.437890052795410156e+00,7.726746082305908203e+00
1.865950393676757812e+01,-5.367140293121337891e+00
1.151595115661621094e+01,1.539222145080566406e+01
6.478503942489624023e-01,1.031443977355957031e+01
1.243251419067382812e+01,-9.685133934020996094e+00
-3.781119823455810547e+00,1.220890235900878906e+01
3.732935905456542969e+00,8.771819114685058594e+00
7.390711307525634766e+00,-7.195577621459960938e+00
6.665873050689697266e+00,-8.016276955604553223e-01
7.047248363494873047e+00,-8.226221799850463867e-01
7.076249122619628906e+00,-7.923642396926879883e-01
6.911321640014648438e+00,-8.513854742050170898e-01
6.753661632537841797e+00,-8.034847974777221680e-01
6.548599243164062500e+00,-7.401010394096374512e-01
6.722856044769287109e+00,-7.858806848526000977e-01
7.299729824066162109e+00,-8.517515659332275391e-01
8.503053665161132812e+00,-1.150973916053771973e+00
8.412714004516601562e+00,-1.141262292861938477e+00
6.983363628387451172e+00,-9.079577922821044922e-01
6.601307392120361328e+00,-8.632556796073913574e-01
1.029207706451416016e+01,-3.263541936874389648e+00
1.039023590087890625e+01,-1.495089530944824219e+00
1.048051834106445312e+01,-1.598211646080017090e+00
1.050942802429199219e+01,-1.601927042007446289e+00
1.029264259338378906e+01,-3.217725276947021484e+00
1.060628700256347656e+01,-3.236015319824218750e+00
1.014099502563476562e+01,-3.205677032470703125e+00
9.927376747131347656e+00,-3.603479385375976562e+00
1.007822513580322266e+01,-3.613207817077636719e+00
1.043271160125732422e+01,-1.710859060287475586e+00
1.023342418670654297e+01,-3.428052186965942383e+00
1.058668422698974609e+01,-3.278006553649902344e+00
1.180141353607177734e+01,-3.137506246566772461e+00
1.175891590118408203e+01,-3.075079202651977539e+00
1.170097827911376953e+01,-3.047826290130615234e+00
1.168638515472412109e+01,-2.999302864074707031e+00
1.196114444732666016e+01,-3.363771915435791016e+00
1.194905376434326172e+01,-3.578460454940795898e+00
1.190146541595458984e+01,-3.293180704116821289e+00
1.205897331237792969e+01,-2.900649547576904297e+00
1.197499942779541016e+01,-2.963126420974731445e+00
1.188254165649414062e+01,-3.137317657470703125e+00
1.179664039611816406e+01,-3.272285461425781250e+00
1.192900562286376953e+01,-3.479476928710937500e+00
9.893064498901367188e+00,-4.074005126953125000e+00
8.909371376037597656e+00,-9.658061265945434570e-01
9.044496536254882812e+00,-1.360660195350646973e+00
9.093090057373046875e+00,-1.498632073402404785e+00
9.974056243896484375e+00,-4.158984184265136719e+00
1.002980136871337891e+01,-4.023937225341796875e+00
9.937266349792480469e+00,-4.116158008575439453e+00
9.728223800659179688e+00,-3.929363489151000977e+00
9.925062179565429688e+00,-4.071286201477050781e+00
9.599372863769531250e+00,-2.253777027130126953e+00
9.984871864318847656e+00,-4.158715248107910156e+00
9.932074546813964844e+00,-3.974422693252563477e+00
6.771225929260253906e+00,-5.672187730669975281e-02
8.092163085937500000e+00,7.052769884467124939e-03
6.891599178314208984e+00,-2.254225015640258789e-01
6.904112815856933594e+00,-3.732863366603851318e-01
6.801723003387451172e+00,-3.344100341200828552e-02
6.675351619720458984e+00,5.422971025109291077e-02
6.815663814544677734e+00,-6.145714595913887024e-02
7.785706520080566406e+00,-2.465393543243408203e-01
8.784197807312011719e+00,-3.911371529102325439e-01
8.746169090270996094e+00,-3.525834083557128906e-01
6.943367481231689453e+00,-1.478213071823120117e-02
6.712140083312988281e+00,1.218516752123832703e-01
1.452585887908935547e+01,-9.587983131408691406e+00
9.009939193725585938e+00,-1.327172279357910156e+01
1.029641437530517578e+01,1.055137634277343750e+01
6.206668853759765625e+00,1.631635475158691406e+01
-2.736915826797485352e+00,1.712554740905761719e+01
3.994250297546386719e-01,-8.202443122863769531e+00
7.089203000068664551e-01,9.597027897834777832e-01
1.797767066955566406e+01,-1.115756130218505859e+01
-5.123390674591064453e+00,3.770906448364257812e+00
-1.011159133911132812e+01,3.286311149597167969e+00
2.097192573547363281e+01,5.561844825744628906e+00
6.128683567047119141e+00,7.757449150085449219e-01
7.335270881652832031e+00,-3.626658394932746887e-02
7.705800533294677734e+00,-3.660217672586441040e-02
7.717954158782958984e+00,-2.904208935797214508e-02
7.669873237609863281e+00,-3.216683119535446167e-02
7.354795932769775391e+00,7.337929308414459229e-02
7.106443881988525391e+00,8.738087117671966553e-02
7.432128429412841797e+00,1.461044605821371078e-02
7.444869995117187500e+00,-3.858240544795989990e-01
7.510876178741455078e+00,-1.253572106361389160e-01
7.538870334625244141e+00,4.578448832035064697e-03
7.305450439453125000e+00,-9.845881722867488861e-03
7.037919998168945312e+00,1.058443263173103333e-01
1.053274345397949219e+01,-3.581346988677978516e+00
1.037588977813720703e+01,-3.310005187988281250e+00
9.817957878112792969e+00,-3.394777297973632812e+00
9.716940879821777344e+00,-3.490193605422973633e+00
1.057022666931152344e+01,-3.575022220611572266e+00
1.066894912719726562e+01,-3.630617380142211914e+00
1.060362339019775391e+01,-3.502395629882812500e+00
1.023658370971679688e+01,-3.249017715454101562e+00
1.038308429718017578e+01,-2.909117221832275391e+00
1.039447212219238281e+01,-3.119785785675048828e+00
1.054803371429443359e+01,-3.528769493103027344e+00
1.068070697784423828e+01,-3.605116844177246094e+00
9.797169685363769531e+00,-1.196865200996398926e+00
1.044795036315917969e+01,-1.408919215202331543e+00
1.041673851013183594e+01,-9.627014398574829102e-01
9.061357498168945312e+00,-1.078824758529663086e+00
8.294356346130371094e+00,-2.401890158653259277e-01
9.283128738403320312e+00,-2.665236234664916992e+00
7.667672634124755859e+00,-1.840333461761474609e+00
9.893692970275878906e+00,-6.182403564453125000e-01
8.375609397888183594e+00,-8.840691447257995605e-01
1.033351135253906250e+01,-1.349411368370056152e+00
9.708815574645996094e+00,-1.430765032768249512e+00
1.003638648986816406e+01,-1.596522092819213867e+00
9.405053138732910156e+00,-1.398882031440734863e+00
9.840202331542968750e+00,-1.140905737876892090e+00
1.364194679260253906e+01,2.497942298650741577e-01
8.750691413879394531e+00,-1.219916701316833496e+00
9.135844230651855469e+00,-1.627582430839538574e+00
8.179397583007812500e+00,-1.166896104812622070e+00
8.854217529296875000e+00,-2.226512670516967773e+00
9.839849472045898438e+00,-3.314363956451416016e-01
9.378661155700683594e+00,-8.562255501747131348e-01
9.280546188354492188e+00,-1.223273158073425293e+00
9.203904151916503906e+00,-1.578320860862731934e+00
9.221832275390625000e+00,-1.467289805412292480e+00
8.793510437011718750e+00,-1.260851979255676270e+00
9.428210258483886719e+00,-1.315808653831481934e+00
8.939099311828613281e+00,-1.203489780426025391e+00
8.483326911926269531e+00,-1.062389016151428223e+00
8.430346488952636719e+00,-1.204501867294311523e+00
8.211170196533203125e+00,-1.575179338455200195e+00
8.743859291076660156e+00,-1.461519718170166016e+00
8.694044113159179688e+00,-1.196610689163208008e+00
8.609751701354980469e+00,-1.340282559394836426e+00
8.617357254028320312e+00,-1.532738566398620605e+00
8.419548988342285156e+00,-1.293863296508789062e+00
8.485972404479980469e+00,-1.270031929016113281e+00
-8.691364288330078125e+00,4.693768501281738281e+00
1.543314218521118164e+00,3.125779628753662109e+00
-7.208298206329345703e+00,1.255760192871093750e+01
-7.437849044799804688e+00,7.726683139801025391e+00
1.865946578979492188e+01,-5.367235660552978516e+00
1.151598834991455078e+01,1.539222812652587891e+01
6.478953957557678223e-01,1.031434822082519531e+01
1.243192577362060547e+01,-9.683459281921386719e+00
-3.781118869781494141e+00,1.220890045166015625e+01
3.732852935791015625e+00,8.772248268127441406e+00
7.387817859649658203e+00,-7.200427055358886719e+00
-5.931911468505859375e+00,8.980880737304687500e+00
1.439538288116455078e+01,1.918360143899917603e-01
1.434597492218017578e+01,6.607741713523864746e-01
1.455258846282958984e+01,6.528685688972473145e-01
1.457393836975097656e+01,1.748196333646774292e-01
1.438823127746582031e+01,1.608761698007583618e-01
1.431471347808837891e+01,1.630173921585083008e-01
1.415751361846923828e+01,5.963883399963378906e-01
1.461425971984863281e+01,5.402756333351135254e-01
1.470281219482421875e+01,5.418755412101745605e-01
1.465015697479248047e+01,4.314520955085754395e-01
1.431099319458007812e+01,1.577315032482147217e-01
1.442699241638183594e+01,1.345481425523757935e-01
1.387439441680908203e+01,2.981268167495727539e-01
1.380490589141845703e+01,2.207719832658767700e-01
1.388431835174560547e+01,9.776756763458251953e-01
1.444668006896972656e+01,1.865807361900806427e-02
1.402258396148681641e+01,2.122248411178588867e-01
1.383585071563720703e+01,2.066120356321334839e-01
1.385505104064941406e+01,1.736681908369064331e-01
1.407072734832763672e+01,3.129646778106689453e-01
1.405869293212890625e+01,2.734013497829437256e-01
1.402497291564941406e+01,1.221859678626060486e-01
1.391985988616943359e+01,9.077019244432449341e-02
1.403434467315673828e+01,1.597481817007064819e-01
1.387051582336425781e+01,1.885840594768524170e-01
1.385854053497314453e+01,1.118128076195716858e-01
1.402342510223388672e+01,1.696698367595672607e-01
1.399265861511230469e+01,6.156727671623229980e-01
1.382424640655517578e+01,3.302817344665527344e-01
1.396011066436767578e+01,-7.014914415776729584e-03
1.389299964904785156e+01,1.377938389778137207e-01
1.388442802429199219e+01,4.030237495899200439e-01
1.390910816192626953e+01,-5.979147274047136307e-03
1.390208244323730469e+01,5.322379246354103088e-02
1.390370845794677734e+01,8.569512516260147095e-02
1.393105030059814453e+01,-1.016401275992393494e-01
8.551941871643066406e+00,-1.387283802032470703e+00
9.501983642578125000e+00,-9.911256432533264160e-01
9.699244499206542969e+00,3.045832216739654541e-01
1.327702045440673828e+01,5.761507153511047363e-01
8.128883361816406250e+00,-4.224076569080352783e-01
7.641836643218994141e+00,-1.641842126846313477e+00
8.567064285278320312e+00,-1.094474554061889648e+00
9.560574531555175781e+00,-4.227375686168670654e-01
1.033743190765380859e+01,-1.269361615180969238e+00
9.957809448242187500e+00,-1.575228691101074219e+00
9.506904602050781250e+00,-1.146909236907958984e+00
8.715416908264160156e+00,-7.612884044647216797e-01
8.379929542541503906e+00,-8.137863278388977051e-01
8.376952171325683594e+00,-1.894805282354354858e-01
8.674170494079589844e+00,5.915032327175140381e-02
9.693326950073242188e+00,7.629470229148864746e-01
9.291325569152832031e+00,-3.901257514953613281e-01
8.597341537475585938e+00,-2.905700802803039551e-01
8.394891738891601562e+00,-6.754927635192871094e-01
8.845146179199218750e+00,-8.302948474884033203e-01
8.566545486450195312e+00,-1.982060074806213379e-01
9.382827758789062500e+00,-9.725418686866760254e-01
9.110294342041015625e+00,-4.006661772727966309e-01
8.743191719055175781e+00,-2.197901606559753418e-01
6.135027885437011719e+00,7.680434584617614746e-01
1.452604389190673828e+01,-9.588268280029296875e+00
9.009951591491699219e+00,-1.327172470092773438e+01
1.029672622680664062e+01,1.055234909057617188e+01
6.206657409667968750e+00,1.631647491455078125e+01
-2.736917018890380859e+00,1.712554550170898438e+01
4.012058973312377930e-01,-8.201524734497070312e+00
7.080373167991638184e-01,9.596386551856994629e-01
1.797777748107910156e+01,-1.115761280059814453e+01
-5.123414993286132812e+00,3.770973443984985352e+00
-1.011159992218017578e+01,3.286293983459472656e+00
2.097156143188476562e+01,5.561707973480224609e+00
1.410962867736816406e+01,2.824368774890899658e-01
1.474703407287597656e+01,2.844217419624328613e-01
1.471543788909912109e+01,4.201335906982421875e-01
1.471088314056396484e+01,4.698171317577362061e-01
1.431969833374023438e+01,4.124571979045867920e-01
1.429774188995361328e+01,2.652444541454315186e-01
1.432389926910400391e+01,2.733561992645263672e-01
1.459080219268798828e+01,2.048814594745635986e-01
1.446331214904785156e+01,6.151806116104125977e-01
1.438214397430419922e+01,7.452669143676757812e-01
1.444315910339355469e+01,3.259459137916564941e-01
1.449412345886230469e+01,1.432169228792190552e-01
1.405973052978515625e+01,2.422769963741302490e-01
1.409993267059326172e+01,1.636682450771331787e-01
1.429892539978027344e+01,7.996919751167297363e-02
1.404951763153076172e+01,5.700992941856384277e-01
1.384568691253662109e+01,2.750909030437469482e-01
1.389713382720947266e+01,1.240682452917098999e-01
1.386500930786132812e+01,3.615708351135253906e-01
1.450624942779541016e+01,1.224392056465148926e-01
1.412429523468017578e+01,1.531944423913955688e-01
1.395737552642822266e+01,1.105453744530677795e-01
1.395892524719238281e+01,8.588994294404983521e-02
1.410672378540039062e+01,1.449049562215805054e-01
9.931180953979492188e+00,-1.024393677711486816e+00
9.377794265747070312e+00,-2.515805959701538086e-01
1.413664340972900391e+01,-4.100220501422882080e-01
1.482022571563720703e+01,4.384408295154571533e-01
1.070846080780029297e+01,-2.115859508514404297e+00
1.093355274200439453e+01,-1.386503338813781738e+00
1.067933082580566406e+01,-1.062022209167480469e+00
9.970413208007812500e+00,-5.551410913467407227e-01
9.774480819702148438e+00,-7.764018177986145020e-01
8.615865707397460938e+00,-1.999941468238830566e+00
9.871962547302246094e+00,-1.693363070487976074e+00
1.005765819549560547e+01,-1.432916283607482910e+00
9.359088897705078125e+00,-1.148169398307800293e+00
1.010800743103027344e+01,-2.608807682991027832e-01
1.458100414276123047e+01,-1.401291191577911377e-01
8.774091720581054688e+00,-1.158150315284729004e+00
9.356649398803710938e+00,-1.555514931678771973e+00
1.076628303527832031e+01,-1.884921312332153320e+00
1.070154380798339844e+01,-1.197616696357727051e+00
9.751031875610351562e+00,-6.174762845039367676e-01
9.730992317199707031e+00,-7.872061729431152344e-01
8.908903121948242188e+00,-8.442710041999816895e-01
9.596709251403808594e+00,-1.689359068870544434e+00
9.625761985778808594e+00,-1.489642500877380371e+00
9.469723701477050781e+00,-1.416249275207519531e+00
9.590686798095703125e+00,-7.333078384399414062e-01
9.545972824096679688e+00,-1.378174424171447754e+00
8.428464889526367188e+00,-8.452574014663696289e-01
8.598928451538085938e+00,-1.292885422706604004e+00
9.036066055297851562e+00,-1.603310585021972656e+00
9.374056816101074219e+00,-1.003852367401123047e+00
8.646670341491699219e+00,-1.173974871635437012e+00
8.742893218994140625e+00,-1.402567505836486816e+00
8.756494522094726562e+00,-1.200133919715881348e+00
8.707096099853515625e+00,-1.254454493522644043e+00
8.607448577880859375e+00,-1.545840024948120117e+00
1.542177200317382812e+00,3.126675844192504883e+00
-7.208302021026611328e+00,1.255760669708251953e+01
-7.437880516052246094e+00,7.726723194122314453e+00
1.865921020507812500e+01,-5.367063522338867188e+00
1.151582527160644531e+01,1.539166355133056641e+01
6.478686928749084473e-01,1.031440162658691406e+01
1.243205833435058594e+01,-9.683812141418457031e+00
-3.780987739562988281e+00,1.220888996124267578e+01
3.732877731323242188e+00,8.772170066833496094e+00
7.390005111694335938e+00,-7.194612503051757812e+00
-5.933208465576171875e+00,8.979953765869140625e+00
-8.691359519958496094e+00,4.693774223327636719e+00
1.440459156036376953e+01,6.070817708969116211e-01
1.448381805419921875e+01,6.096631884574890137e-01
1.465231037139892578e+01,1.892630457878112793e-01
1.469737148284912109e+01,2.117109298706054688e-01
1.462363052368164062e+01,4.150057733058929443e-01
1.419562339782714844e+01,7.618405818939208984e-01
1.453155612945556641e+01,7.044529318809509277e-01
1.482038879394531250e+01,5.205677747726440430e-01
1.480620956420898438e+01,2.991140186786651611e-01
1.468308067321777344e+01,2.160860151052474976e-01
1.462736320495605469e+01,2.963597178459167480e-01
1.457080364227294922e+01,2.009156644344329834e-01
1.388123130798339844e+01,6.440114974975585938e-01
1.422161769866943359e+01,6.211364865303039551e-01
1.462654590606689453e+01,1.072987318038940430e-01
1.453471851348876953e+01,7.820037752389907837e-02
1.393848228454589844e+01,2.420541644096374512e-01
1.382393550872802734e+01,7.347251772880554199e-01
1.417623424530029297e+01,7.345376610755920410e-01
1.473648929595947266e+01,3.661248683929443359e-01
1.423392581939697266e+01,2.871834337711334229e-01
1.429803943634033203e+01,2.293968498706817627e-01
1.410141372680664062e+01,3.246007263660430908e-01
1.418524265289306641e+01,1.063864976167678833e-01
1.389707088470458984e+01,2.481520622968673706e-01
1.418806457519531250e+01,6.125061511993408203e-01
1.430393314361572266e+01,2.072845250368118286e-01
1.463105392456054688e+01,3.362244367599487305e-01
1.387705230712890625e+01,3.932290673255920410e-01
1.387386322021484375e+01,5.465852618217468262e-01
1.401783180236816406e+01,3.509543836116790771e-01
1.441975975036621094e+01,2.932015359401702881e-01
1.435151576995849609e+01,1.189747229218482971e-01
1.415837764739990234e+01,4.697372019290924072e-01
1.389290809631347656e+01,2.748279571533203125e-01
1.395513629913330078e+01,-1.011339202523231506e-01
1.032671451568603516e+01,-9.179592132568359375e-01
9.195578575134277344e+00,-2.271358221769332886e-01
1.405542469024658203e+01,-6.015801429748535156e-01
9.196201324462890625e+00,8.569205403327941895e-01
1.082040500640869141e+01,-2.131748914718627930e+00
1.075956058502197266e+01,-1.304407596588134766e+00
9.942243576049804688e+00,-6.561353206634521484e-01
9.920664787292480469e+00,-4.643558859825134277e-01
1.486423778533935547e+01,6.071611307561397552e-03
9.803045272827148438e+00,-1.129763603210449219e+00
9.732876777648925781e+00,-1.436255097389221191e+00
6.760580539703369141e+00,-2.248822450637817383e+00
8.724318504333496094e+00,-9.938143193721771240e-02
8.811101913452148438e+00,-6.047150492668151855e-01
8.589201927185058594e+00,-2.384150028228759766e-01
9.057872772216796875e+00,6.544032692909240723e-01
9.222566604614257812e+00,3.955215215682983398e-02
9.587101936340332031e+00,-3.891288936138153076e-01
8.855690956115722656e+00,-5.644751787185668945e-01
9.311271667480468750e+00,-1.197903990745544434e+00
9.041314125061035156e+00,-7.950724363327026367e-01
9.375157356262207031e+00,-9.177354574203491211e-01
9.644299507141113281e+00,-1.205811262130737305e+00
8.669198036193847656e+00,-1.379087865352630615e-01
2.097213172912597656e+01,5.561922550201416016e+00
6.133965969085693359e+00,7.730789184570312500e-01
1.452589416503906250e+01,-9.587949752807617188e+00
9.009953498840332031e+00,-1.327173042297363281e+01
1.029647445678710938e+01,1.055200481414794922e+01
6.206658840179443359e+00,1.631646728515625000e+01
-2.736915349960327148e+00,1.712554359436035156e+01
4.011995494365692139e-01,-8.201531410217285156e+00
7.146075963973999023e-01,9.592663645744323730e-01
1.797745323181152344e+01,-1.115732002258300781e+01
-5.116008758544921875e+00,3.765387773513793945e+00
-1.011159038543701172e+01,3.286308526992797852e+00
1.464962196350097656e+01,1.682250648736953735e-01
1.452958774566650391e+01,1.538959890604019165e-01
1.476264667510986328e+01,1.541023701429367065e-01
1.475923061370849609e+01,3.792366683483123779e-01
1.446493148803710938e+01,7.659771442413330078e-01
1.435019779205322266e+01,6.078737974166870117e-01
1.459037399291992188e+01,3.562669157981872559e-01
1.471996879577636719e+01,2.710952460765838623e-01
1.460368061065673828e+01,1.283041983842849731e-01
1.443595600128173828e+01,6.734686493873596191e-01
1.448558521270751953e+01,6.318372488021850586e-01
1.470046424865722656e+01,1.644661277532577515e-01
1.407966232299804688e+01,4.027172327041625977e-01
1.451082515716552734e+01,3.238487243652343750e-01
1.439065742492675781e+01,3.229557871818542480e-01
1.469653987884521484e+01,4.155408740043640137e-01
1.392080688476562500e+01,9.903705120086669922e-01
1.399704074859619141e+01,6.156455278396606445e-01
1.402942276000976562e+01,2.825794517993927002e-01
1.463690757751464844e+01,1.848352551460266113e-01
1.445458602905273438e+01,1.189079284667968750e-01
1.417885684967041016e+01,5.998153090476989746e-01
1.398357486724853516e+01,1.647099703550338745e-01
1.416166114807128906e+01,-8.782980032265186310e-03
1.037089252471923828e+01,-8.556672930717468262e-01
9.509259223937988281e+00,-2.529457584023475647e-02
5.267736911773681641e+00,-2.489638090133666992e+00
9.590649604797363281e+00,1.057118058204650879e+00
1.069381427764892578e+01,-2.148897886276245117e+00
1.069826221466064453e+01,-1.484027624130249023e+00
1.057723522186279297e+01,-1.012626647949218750e+00
9.960317611694335938e+00,-7.055364847183227539e-01
6.667228698730468750e+00,-4.680920124053955078e+00
9.122626304626464844e+00,-8.706194162368774414e-01
9.865897178649902344e+00,-1.740823626518249512e+00
1.008288860321044922e+01,-1.453412055969238281e+00
1.054278850555419922e+01,-7.916777729988098145e-01
9.559192657470703125e+00,9.357732534408569336e-02
1.462550926208496094e+01,-4.405080527067184448e-02
1.455128955841064453e+01,5.444471836090087891e-01
1.068462371826171875e+01,-2.110597133636474609e+00
1.048927879333496094e+01,-1.566629767417907715e+00
1.043473339080810547e+01,-9.442329406738281250e-01
9.759961128234863281e+00,-8.853498101234436035e-01
6.574806690216064453e+00,-4.695511817932128906e+00
9.038372993469238281e+00,-9.515178203582763672e-01
9.773716926574707031e+00,-1.622534751892089844e+00
9.817667007446289062e+00,-1.358544111251831055e+00
9.415788650512695312e+00,-6.128798127174377441e-01
9.115450859069824219e+00,-6.722803711891174316e-01
9.612704277038574219e+00,-1.249173283576965332e+00
8.728007316589355469e+00,-9.001516103744506836e-01
1.040719890594482422e+01,-1.787193536758422852e+00
1.013896656036376953e+01,-1.168329954147338867e+00
8.730237960815429688e+00,-1.005491375923156738e+00
8.676829338073730469e+00,-1.153484821319580078e+00
8.658623695373535156e+00,-1.540891647338867188e+00
8.823891639709472656e+00,-1.124436736106872559e+00
8.751667976379394531e+00,-1.060807824134826660e+00
9.384603500366210938e+00,-1.254528164863586426e+00
-7.208298683166503906e+00,1.255760288238525391e+01
-7.437871456146240234e+00,7.726736068725585938e+00
1.866418838500976562e+01,-5.370380401611328125e+00
1.151599025726318359e+01,1.539221096038818359e+01
6.478732228279113770e-01,1.031438922882080078e+01
1.243247222900390625e+01,-9.685000419616699219e+00
-3.781123161315917969e+00,1.220890235900878906e+01
3.733608722686767578e+00,8.770777702331542969e+00
7.390185832977294922e+00,-7.197999477386474609e+00
-5.933166027069091797e+00,8.979987144470214844e+00
-8.691361427307128906e+00,4.693771362304687500e+00
1.542206287384033203e+00,3.126676321029663086e+00
1.456435966491699219e+01,4.661064743995666504e-01
1.462798976898193359e+01,3.862924575805664062e-01
1.475098800659179688e+01,1.293745487928390503e-01
1.466684627532958984e+01,4.112581312656402588e-01
1.429959964752197266e+01,5.249660611152648926e-01
1.446348190307617188e+01,6.998059153556823730e-01
1.471796989440917969e+01,4.048345386981964111e-01
1.475618839263916016e+01,4.227963387966156006e-01
1.474707698822021484e+01,1.403996199369430542e-01
1.479053974151611328e+01,3.825061917304992676e-01
1.476368331909179688e+01,4.728746116161346436e-01
1.461289119720458984e+01,3.974211513996124268e-01
1.384917640686035156e+01,4.348104596138000488e-01
1.451529502868652344e+01,6.198185682296752930e-01
1.468255710601806641e+01,1.588422805070877075e-01
1.454626846313476562e+01,2.002732604742050171e-01
1.383990001678466797e+01,3.211753964424133301e-01
1.425488948822021484e+01,7.425840497016906738e-01
1.420577907562255859e+01,5.457921028137207031e-01
1.469373035430908203e+01,3.880981206893920898e-01
1.447835540771484375e+01,3.887178003787994385e-02
1.461404514312744141e+01,6.588634848594665527e-01
1.415559673309326172e+01,3.541309833526611328e-01
1.414137458801269531e+01,2.423155819997191429e-03
1.395106983184814453e+01,2.091037482023239136e-01
1.454412651062011719e+01,6.998749375343322754e-01
1.454943561553955078e+01,8.913417905569076538e-02
1.456971454620361328e+01,3.313658237457275391e-01
1.386333656311035156e+01,3.223296403884887695e-01
1.389320468902587891e+01,7.345566153526306152e-01
1.391065502166748047e+01,3.664400577545166016e-01
1.443054294586181641e+01,3.920888304710388184e-01
1.444898796081542969e+01,1.177919209003448486e-01
1.443734264373779297e+01,6.624830961227416992e-01
1.389503955841064453e+01,4.727716445922851562e-01
1.394729804992675781e+01,-1.557472199201583862e-01
1.005574131011962891e+01,-8.542233109474182129e-01
9.059108734130859375e+00,-1.813097000122070312e-01
4.970777034759521484e+00,-2.658107995986938477e+00
9.445770263671875000e+00,1.021253943443298340e+00
1.064864826202392578e+01,-2.197490453720092773e+00
9.731943130493164062e+00,-9.056080579757690430e-01
1.061924266815185547e+01,-1.041026234626770020e+00
1.008469200134277344e+01,-5.161037445068359375e-01
1.492190551757812500e+01,3.960560075938701630e-03
9.279766082763671875e+00,-9.613356590270996094e-01
9.876175880432128906e+00,-1.618544340133666992e+00
9.925399780273437500e+00,-1.401759505271911621e+00
9.107920646667480469e+00,7.639284729957580566e-01
8.909942626953125000e+00,-1.672894656658172607e-01
5.123489379882812500e+00,-3.019863367080688477e+00
8.934519767761230469e+00,1.823562234640121460e-01
9.084269523620605469e+00,2.230352908372879028e-01
8.979154586791992188e+00,-4.078183770179748535e-01
9.579236030578613281e+00,-4.889313578605651855e-01
9.102511405944824219e+00,-5.139847397804260254e-01
9.424049377441406250e+00,-1.962514996528625488e+00
8.662767410278320312e+00,-8.403837084770202637e-01
9.340680122375488281e+00,-7.108098864555358887e-01
7.747821331024169922e+00,-1.934970259666442871e+00
-1.011159229278564453e+01,3.286311388015747070e+00
2.097238731384277344e+01,5.562053680419921875e+00
6.138711452484130859e+00,7.790265083312988281e-01
1.452567577362060547e+01,-9.587572097778320312e+00
9.009957313537597656e+00,-1.327175807952880859e+01
1.029645347595214844e+01,1.055159378051757812e+01
6.206660747528076172e+00,1.631646537780761719e+01
-2.736916542053222656e+00,1.712554550170898438e+01
4.013227224349975586e-01,-8.201453208923339844e+00
7.098591327667236328e-01,9.595270752906799316e-01
1.797770118713378906e+01,-1.115760231018066406e+01
-5.123761653900146484e+00,3.771093368530273438e+00
1.476615810394287109e+01,2.979775369167327881e-01
1.475597572326660156e+01,3.315749168395996094e-01
1.476841926574707031e+01,9.857545793056488037e-02
1.471984291076660156e+01,3.136764764785766602e-01
1.466819190979003906e+01,5.040348768234252930e-01
1.445724868774414062e+01,7.587041258811950684e-01
1.440399837493896484e+01,7.846199870109558105e-01
1.478568458557128906e+01,3.799501359462738037e-01
1.471705150604248047e+01,1.108667626976966858e-01
1.472601509094238281e+01,3.102868497371673584e-01
1.442757511138916016e+01,6.871513128280639648e-01
1.464135551452636719e+01,5.283337831497192383e-01
1.429848384857177734e+01,4.274660646915435791e-01
1.468865776062011719e+01,5.857414603233337402e-01
1.464903545379638672e+01,6.234049424529075623e-02
1.475093555450439453e+01,3.669263124465942383e-01
1.396907138824462891e+01,4.614240229129791260e-01
1.396639156341552734e+01,9.737383127212524414e-01
1.391291236877441406e+01,4.211026430130004883e-01
1.454221439361572266e+01,2.815136015415191650e-01
1.452083110809326172e+01,8.030300587415695190e-02
1.459724044799804688e+01,4.230865240097045898e-01
1.390938758850097656e+01,3.882378041744232178e-01
1.410587215423583984e+01,4.461510479450225830e-02
1.358193397521972656e+01,-1.215013384819030762e+00
1.358241367340087891e+01,-1.246155738830566406e+00
1.359295749664306641e+01,-1.288452029228210449e+00
1.359933185577392578e+01,-1.303787589073181152e+00
1.360395050048828125e+01,-1.248721599578857422e+00
1.358688545227050781e+01,-1.296037793159484863e+00
1.358417320251464844e+01,-1.297749876976013184e+00
1.358075618743896484e+01,-1.297635316848754883e+00
1.355749702453613281e+01,-1.310560941696166992e+00
1.356719779968261719e+01,-1.299696683883666992e+00
1.356945610046386719e+01,-1.283405423164367676e+00
1.255078697204589844e+01,-2.337134122848510742e+00
1.355370616912841797e+01,-1.304417371749877930e+00
1.353144168853759766e+01,-1.305769681930541992e+00
1.356831169128417969e+01,-1.315406799316406250e+00
1.343033885955810547e+01,-1.355737447738647461e+00
1.335643005371093750e+01,-1.367913722991943359e+00
1.357191276550292969e+01,-1.284289717674255371e+00
1.355193710327148438e+01,-1.295972108840942383e+00
1.355454826354980469e+01,-1.272274732589721680e+00
1.355437469482421875e+01,-1.316106915473937988e+00
1.353087329864501953e+01,-1.356464624404907227e+00
1.355733394622802734e+01,-1.286020517349243164e+00
1.348705577850341797e+01,-1.221775054931640625e+00
1.356575298309326172e+01,-1.376525878906250000e+00
1.354108333587646484e+01,-1.432072758674621582e+00
1.348063564300537109e+01,-1.499308109283447266e+00
1.349439716339111328e+01,-1.482614398002624512e+00
1.349423599243164062e+01,-1.459695577621459961e+00
1.290958309173583984e+01,-1.923427581787109375e+00
1.282197093963623047e+01,-1.936914682388305664e+00
1.288826370239257812e+01,-1.937822818756103516e+00
1.287038040161132812e+01,-1.932437896728515625e+00
1.296417617797851562e+01,-1.947044014930725098e+00
1.291639804840087891e+01,-1.941088438034057617e+00
1.295362567901611328e+01,-1.929618954658508301e+00
1.297710037231445312e+01,-1.938795804977416992e+00
1.302392387390136719e+01,-1.884494304656982422e+00
1.305388259887695312e+01,-1.935199022293090820e+00
1.308079624176025391e+01,-1.936548709869384766e+00
1.315085029602050781e+01,-1.979911684989929199e+00
1.318060493469238281e+01,-2.013122081756591797e+00
1.314878273010253906e+01,-1.967301607131958008e+00
1.315392208099365234e+01,-2.007391214370727539e+00
1.317746639251708984e+01,-2.133634090423583984e+00
1.321131515502929688e+01,-1.974424123764038086e+00
1.320880603790283203e+01,-2.048118591308593750e+00
1.322314643859863281e+01,-2.046800851821899414e+00
1.321062183380126953e+01,-1.984747052192687988e+00
1.322816276550292969e+01,-2.089655876159667969e+00
1.326368999481201172e+01,-2.074971914291381836e+00
1.328695297241210938e+01,-1.967489957809448242e+00
1.325227260589599609e+01,-2.050973892211914062e+00
1.330414962768554688e+01,-1.868616580963134766e+00
1.329587745666503906e+01,-1.940310597419738770e+00
1.325025653839111328e+01,-2.062128305435180664e+00
1.326337718963623047e+01,-2.073883771896362305e+00
1.332552337646484375e+01,-1.842080712318420410e+00
1.332601356506347656e+01,-1.816456556320190430e+00
1.332890605926513672e+01,-1.887422680854797363e+00
1.327590274810791016e+01,-1.943989396095275879e+00
1.324919700622558594e+01,-2.042096614837646484e+00
1.320470905303955078e+01,-2.135171175003051758e+00
1.323912239074707031e+01,-2.123408079147338867e+00
1.332474613189697266e+01,-1.891535878181457520e+00
1.332092380523681641e+01,-1.873801708221435547e+00
1.325418853759765625e+01,-2.073513031005859375e+00
1.322772502899169922e+01,-2.018520116806030273e+00
1.325134277343750000e+01,-2.040271759033203125e+00
1.330261421203613281e+01,-1.921428680419921875e+00
1.331549072265625000e+01,-1.929547905921936035e+00
1.328647518157958984e+01,-1.985671877861022949e+00
1.329793262481689453e+01,-1.926695466041564941e+00
1.323577594757080078e+01,-2.094665050506591797e+00
1.333237457275390625e+01,-1.881653547286987305e+00
1.322971630096435547e+01,-2.090969800949096680e+00
1.319530487060546875e+01,-2.140475034713745117e+00
1.323387050628662109e+01,-2.073001861572265625e+00
1.319612216949462891e+01,-2.165181159973144531e+00
1.320170307159423828e+01,-2.185219287872314453e+00
1.318239021301269531e+01,-2.165799617767333984e+00
1.337624263763427734e+01,-1.719473004341125488e+00
1.321880626678466797e+01,-2.165989875793457031e+00
1.324739456176757812e+01,-2.047425031661987305e+00
1.027027130126953125e+01,-3.350866556167602539e+00
1.018125247955322266e+01,-3.254960536956787109e+00
1.015141773223876953e+01,-3.354105234146118164e+00
1.020998764038085938e+01,-3.274494886398315430e+00
1.022398567199707031e+01,-3.335752248764038086e+00
1.015100955963134766e+01,-3.235181570053100586e+00
1.015091133117675781e+01,-3.379749536514282227e+00
1.028978824615478516e+01,-3.441673517227172852e+00
1.036658859252929688e+01,-3.498708724975585938e+00
1.026287269592285156e+01,-3.411371946334838867e+00
1.033809852600097656e+01,-3.469609737396240234e+00
1.015170574188232422e+01,-3.311841249465942383e+00
1.016511631011962891e+01,-3.326704263687133789e+00
1.017063713073730469e+01,-3.250622749328613281e+00
1.026818561553955078e+01,-3.087138414382934570e+00
1.010248947143554688e+01,-3.290715694427490234e+00
1.012758541107177734e+01,-3.325166940689086914e+00
1.023272418975830078e+01,-3.116198062896728516e+00
1.027012729644775391e+01,-3.821901321411132812e+00
1.008874416351318359e+01,-3.247638463973999023e+00
1.017100715637207031e+01,-3.378461122512817383e+00
1.010366439819335938e+01,-3.357531309127807617e+00
1.018452453613281250e+01,-3.220041513442993164e+00
1.005899429321289062e+01,-3.226605176925659180e+00
1.011513996124267578e+01,-3.327574014663696289e+00
1.006806945800781250e+01,-3.055202245712280273e+00
9.845599174499511719e+00,-2.618355989456176758e+00
1.007341575622558594e+01,-2.964866399765014648e+00
1.018934440612792969e+01,-3.299530267715454102e+00
1.032646369934082031e+01,-3.608214139938354492e+00
8.736717224121093750e+00,-1.262489557266235352e+00
1.021461296081542969e+01,-3.242868185043334961e+00
1.111703205108642578e+01,-2.953918218612670898e+00
1.083381080627441406e+01,-2.951701164245605469e+00
1.217988395690917969e+01,-5.871811509132385254e-01
1.228306007385253906e+01,-4.788376092910766602e-01
1.223528289794921875e+01,-2.776944637298583984e-02
1.215377807617187500e+01,1.500155031681060791e-01
1.211883258819580078e+01,2.255930900573730469e-01
1.220385932922363281e+01,1.527232527732849121e-01
1.213641834259033203e+01,1.522557288408279419e-01
1.117974662780761719e+01,2.285330772399902344e+00
1.221096611022949219e+01,2.114202231168746948e-01
1.227433681488037109e+01,-6.141158565878868103e-02
1.229406547546386719e+01,4.365878105163574219e-01
1.161290359497070312e+01,-1.902207016944885254e+00
1.154180145263671875e+01,-2.182157516479492188e+00
1.155160522460937500e+01,-2.371472835540771484e+00
1.153551673889160156e+01,-2.295521497726440430e+00
1.154082870483398438e+01,-1.976505517959594727e+00
1.152862644195556641e+01,-2.100969076156616211e+00
1.163530349731445312e+01,-1.813464999198913574e+00
1.199786663055419922e+01,-1.008298277854919434e+00
1.222646999359130859e+01,-3.109810054302215576e-01
1.222280979156494141e+01,-3.062407076358795166e-01
1.218898296356201172e+01,-3.014045953750610352e-01
1.218779850006103516e+01,-2.154919505119323730e-01
1.214991855621337891e+01,-3.593571484088897705e-01
1.217363929748535156e+01,-3.617143034934997559e-01
1.220540618896484375e+01,-2.945583760738372803e-01
1.085669136047363281e+01,-3.315640211105346680e+00
1.083576011657714844e+01,-3.301773548126220703e+00
1.087510967254638672e+01,-3.239495277404785156e+00
1.066429042816162109e+01,-3.519203424453735352e+00
1.070865058898925781e+01,-3.673904418945312500e+00
1.065778064727783203e+01,-3.653505802154541016e+00
1.006309604644775391e+01,-3.147036790847778320e+00
1.063006591796875000e+01,-3.318191051483154297e+00
1.055456924438476562e+01,-3.625675678253173828e+00
1.077838039398193359e+01,-3.636875867843627930e+00
1.007567977905273438e+01,-3.166385650634765625e+00
1.044004917144775391e+01,-3.603646278381347656e+00
1.028749084472656250e+01,-3.313430309295654297e+00
9.996795654296875000e+00,-3.024007797241210938e+00
1.008927631378173828e+01,-3.061868667602539062e+00
9.666565895080566406e+00,-2.743248939514160156e+00
1.014381122589111328e+01,-3.190425157546997070e+00
1.009487438201904297e+01,-3.255111217498779297e+00
1.021273040771484375e+01,-3.316130638122558594e+00
1.003960132598876953e+01,-3.135632514953613281e+00
1.004000377655029297e+01,-3.177544832229614258e+00
1.024010848999023438e+01,-3.250211715698242188e+00
1.010016536712646484e+01,-3.186783790588378906e+00
1.005079364776611328e+01,-3.431763410568237305e+00
1.056832027435302734e+01,-3.767274379730224609e+00
1.010195636749267578e+01,-3.377444028854370117e+00
1.008949756622314453e+01,-3.288467407226562500e+00
1.006740474700927734e+01,-3.507732152938842773e+00
1.003054332733154297e+01,-3.221520423889160156e+00
1.003625297546386719e+01,-3.048969984054565430e+00
1.002721500396728516e+01,-3.154587268829345703e+00
1.007053375244140625e+01,-3.333588600158691406e+00
1.004765033721923828e+01,-3.271736383438110352e+00
1.006894111633300781e+01,-3.250270605087280273e+00
1.009267520904541016e+01,-3.206311225891113281e+00
9.456662178039550781e+00,-2.406246900558471680e+00
9.654099464416503906e+00,-2.161850214004516602e+00
9.557249069213867188e+00,-2.376946926116943359e+00
9.619490623474121094e+00,-2.543057918548583984e+00
9.623077392578125000e+00,-2.519894838333129883e+00
9.394768714904785156e+00,-2.545644283294677734e+00
9.527391433715820312e+00,-1.917204022407531738e+00
9.278148651123046875e+00,-1.659390449523925781e+00
9.393406867980957031e+00,-1.784623146057128906e+00
9.324681282043457031e+00,-1.885419011116027832e+00
9.699618339538574219e+00,-2.273769140243530273e+00
9.184478759765625000e+00,-1.797124981880187988e+00
9.215604782104492188e+00,-1.619213581085205078e+00
9.174445152282714844e+00,-1.649784922599792480e+00
9.538394927978515625e+00,-2.283461809158325195e+00
9.512405395507812500e+00,-2.116456031799316406e+00
9.202252388000488281e+00,-1.838089466094970703e+00
9.304557800292968750e+00,-1.828765869140625000e+00
9.303614616394042969e+00,-1.368251919746398926e+00
9.446428298950195312e+00,-1.957707881927490234e+00
9.224294662475585938e+00,-1.549467086791992188e+00
9.033308982849121094e+00,-1.816164255142211914e+00
9.372516632080078125e+00,-1.881801843643188477e+00
9.545126914978027344e+00,-2.094193696975708008e+00
9.225112915039062500e+00,-1.729406118392944336e+00
9.546938896179199219e+00,-2.199470043182373047e+00
9.432076454162597656e+00,-1.998003721237182617e+00
9.204960823059082031e+00,-1.777427315711975098e+00
9.459218978881835938e+00,-1.918883442878723145e+00
9.553600311279296875e+00,-2.379691839218139648e+00
8.926177978515625000e+00,-1.884060144424438477e+00
9.055112838745117188e+00,-1.940870404243469238e+00
8.749615669250488281e+00,-1.871757149696350098e+00
9.156833648681640625e+00,-1.882482647895812988e+00
8.939617156982421875e+00,-1.984399557113647461e+00
9.257318496704101562e+00,-2.016798496246337891e+00
9.685839653015136719e+00,-2.233869314193725586e+00
9.593913078308105469e+00,-2.187550067901611328e+00
8.824208259582519531e+00,-1.989418148994445801e+00
9.120853424072265625e+00,-1.859313726425170898e+00
1.046954345703125000e+01,-3.871853590011596680e+00
9.510790824890136719e+00,-2.719110488891601562e+00
1.043808555603027344e+01,-3.889645338058471680e+00
8.966975212097167969e+00,-1.954964160919189453e+00
8.716027259826660156e+00,-1.912655472755432129e+00
8.836448669433593750e+00,-1.945616245269775391e+00
9.913978576660156250e+00,-2.686496734619140625e+00
8.740976333618164062e+00,-1.928195357322692871e+00
1.041401958465576172e+01,-3.677795410156250000e+00
1.075068855285644531e+01,-4.092225074768066406e+00
9.315554618835449219e+00,-2.161504030227661133e+00
8.780781745910644531e+00,-1.940951943397521973e+00
9.860434532165527344e+00,-2.673734903335571289e+00
8.652457237243652344e+00,-1.898873567581176758e+00
9.105644226074218750e+00,-2.023700475692749023e+00
8.858250617980957031e+00,-1.934056520462036133e+00
8.878364562988281250e+00,-1.868178963661193848e+00
8.915884017944335938e+00,-1.887824058532714844e+00
8.854975700378417969e+00,-1.868831396102905273e+00
9.203852653503417969e+00,-2.012074947357177734e+00
9.118758201599121094e+00,-1.992965102195739746e+00
8.787075996398925781e+00,-1.979067921638488770e+00
9.055754661560058594e+00,-1.902710914611816406e+00
8.774270057678222656e+00,-1.919295310974121094e+00
8.753334999084472656e+00,-1.886028289794921875e+00
8.852068901062011719e+00,-1.962431430816650391e+00
8.842680931091308594e+00,-1.969071626663208008e+00
9.005964279174804688e+00,-1.799121499061584473e+00
9.155888557434082031e+00,-1.819122195243835449e+00
9.181989669799804688e+00,-1.905963540077209473e+00
8.715444564819335938e+00,-1.894968271255493164e+00
9.059832572937011719e+00,-1.928132414817810059e+00
9.350028991699218750e+00,-2.035125970840454102e+00
1.234438896179199219e+01,1.017565652728080750e-01
1.228921031951904297e+01,2.090509831905364990e-01
1.224400806427001953e+01,1.859319657087326050e-01
1.223350429534912109e+01,1.741877943277359009e-01
1.230120658874511719e+01,1.401568800210952759e-01
1.222372055053710938e+01,2.825815379619598389e-01
1.227637767791748047e+01,1.241904348134994507e-01
1.228145980834960938e+01,1.136364936828613281e-01
1.235388851165771484e+01,1.235658749938011169e-01
1.233305931091308594e+01,1.081905812025070190e-01
1.233597087860107422e+01,7.869060337543487549e-02
1.236146640777587891e+01,7.867298275232315063e-02
1.234901046752929688e+01,7.415123283863067627e-02
1.230041599273681641e+01,1.085454970598220825e-01
1.228985595703125000e+01,5.449831113219261169e-02
1.220527935028076172e+01,1.364868432283401489e-01
1.230191707611083984e+01,1.353064328432083130e-01
1.226075744628906250e+01,1.075134500861167908e-01
1.219939517974853516e+01,1.514871418476104736e-01
1.229887580871582031e+01,1.436341553926467896e-01
1.222237586975097656e+01,1.262431889772415161e-01
1.216923236846923828e+01,1.150947809219360352e-01
1.221377754211425781e+01,6.711692363023757935e-02
1.227821445465087891e+01,9.365505725145339966e-02
1.216348648071289062e+01,1.126094162464141846e-01
1.219878292083740234e+01,1.010666489601135254e-01
1.216976451873779297e+01,8.689481019973754883e-02
1.222118854522705078e+01,1.344404071569442749e-01
1.221452903747558594e+01,1.157346293330192566e-01
1.211558151245117188e+01,1.331542134284973145e-01
1.194016456604003906e+01,2.008292973041534424e-01
1.215953636169433594e+01,2.056380659341812134e-01
1.225140857696533203e+01,1.239369288086891174e-01
1.216661071777343750e+01,1.248485967516899109e-01
1.210870933532714844e+01,2.203855365514755249e-01
1.213729476928710938e+01,1.104049980640411377e-01
1.217006397247314453e+01,1.255037039518356323e-01
1.213933181762695312e+01,1.381118148565292358e-01
1.209912776947021484e+01,1.396954059600830078e-01
1.212719535827636719e+01,1.794815063476562500e-01
1.205396270751953125e+01,1.798606514930725098e-01
1.216989994049072266e+01,1.151899620890617371e-01
1.213999652862548828e+01,6.717134267091751099e-02
1.211828804016113281e+01,6.912508606910705566e-02
1.207102489471435547e+01,1.089565455913543701e-01
1.214617061614990234e+01,1.213104426860809326e-01
1.211061573028564453e+01,6.489418447017669678e-02
1.207238388061523438e+01,1.058680415153503418e-01
1.209511756896972656e+01,2.019326090812683105e-01
1.214697074890136719e+01,1.103577315807342529e-01
1.215490722656250000e+01,6.260026246309280396e-02
1.208765029907226562e+01,8.207654207944869995e-02
1.212543296813964844e+01,5.258927494287490845e-02
1.208821201324462891e+01,2.141850888729095459e-01
1.213241481781005859e+01,1.258626580238342285e-01
1.207234001159667969e+01,2.270156145095825195e-01
1.212196540832519531e+01,2.931863814592361450e-02
1.195647716522216797e+01,1.908448785543441772e-01
1.210682010650634766e+01,1.144013032317161560e-01
1.210124874114990234e+01,1.389278620481491089e-01
1.213381862640380859e+01,1.443641930818557739e-01
1.205101776123046875e+01,1.409429013729095459e-01
1.214327430725097656e+01,9.777423739433288574e-02
1.208251285552978516e+01,3.903419896960258484e-02
1.204673862457275391e+01,7.769946008920669556e-02
1.205722236633300781e+01,2.115604281425476074e-01
1.209099960327148438e+01,2.114788889884948730e-01
1.205259895324707031e+01,1.898685991764068604e-01
1.205169296264648438e+01,2.173799425363540649e-01
1.207520580291748047e+01,1.751244217157363892e-01
1.212163734436035156e+01,8.136836439371109009e-02
1.209585285186767578e+01,8.586493879556655884e-02
1.213649177551269531e+01,1.145207732915878296e-01
1.209581565856933594e+01,6.020069122314453125e-02
1.111045551300048828e+01,-4.166077613830566406e+00
1.099413967132568359e+01,-4.157127857208251953e+00
9.647261619567871094e+00,-2.307443141937255859e+00
9.756655693054199219e+00,-2.701555967330932617e+00
9.803069114685058594e+00,-2.574450016021728516e+00
9.648736953735351562e+00,-2.150044918060302734e+00
9.282687187194824219e+00,-1.862603783607482910e+00
9.685571670532226562e+00,-2.392149925231933594e+00
1.003232574462890625e+01,-3.065068244934082031e+00
9.824945449829101562e+00,-2.561807632446289062e+00
9.872992515563964844e+00,-2.928112745285034180e+00
1.001371288299560547e+01,-2.933599233627319336e+00
1.007983112335205078e+01,-3.178264856338500977e+00
9.556752204895019531e+00,-2.274535655975341797e+00
9.913830757141113281e+00,-2.758903741836547852e+00
9.553697586059570312e+00,-2.198669195175170898e+00
9.724232673645019531e+00,-2.504898548126220703e+00
9.730834960937500000e+00,-2.768333435058593750e+00
9.630257606506347656e+00,-2.747732639312744141e+00
1.026522636413574219e+01,-3.286326885223388672e+00
9.917143821716308594e+00,-3.069411993026733398e+00
1.058879089355468750e+01,-3.268681764602661133e+00
1.068590641021728516e+01,-3.234373092651367188e+00
1.068669509887695312e+01,-3.294453382492065430e+00
1.087312698364257812e+01,-3.005638360977172852e+00
1.083230495452880859e+01,-3.087444543838500977e+00
1.106118297576904297e+01,-2.681042194366455078e+00
1.080430698394775391e+01,-4.223862171173095703e+00
1.115288639068603516e+01,-4.273334980010986328e+00
1.111222076416015625e+01,-4.217782974243164062e+00
1.119008350372314453e+01,-4.195647716522216797e+00
1.063101387023925781e+01,-4.187304973602294922e+00
1.114009571075439453e+01,-4.232510089874267578e+00
1.119037055969238281e+01,-4.153630733489990234e+00
1.101852798461914062e+01,-4.248634338378906250e+00
1.104904365539550781e+01,-4.241326808929443359e+00
1.078295707702636719e+01,-4.263653278350830078e+00
1.110395812988281250e+01,-4.225289821624755859e+00
1.054788875579833984e+01,-4.072957992553710938e+00
1.118739700317382812e+01,-4.171462059020996094e+00
1.076622200012207031e+01,-4.124276161193847656e+00
1.072306442260742188e+01,-4.203962326049804688e+00
1.098181247711181641e+01,-4.187511920928955078e+00
1.085165214538574219e+01,-4.196203231811523438e+00
1.112580585479736328e+01,-4.226932048797607422e+00
1.070737934112548828e+01,-4.215904235839843750e+00
1.099587726593017578e+01,-4.170937538146972656e+00
1.076002407073974609e+01,-4.210717678070068359e+00
1.114210700988769531e+01,-4.260004043579101562e+00
1.110039615631103516e+01,-4.272539138793945312e+00
1.089646244049072266e+01,-4.192497730255126953e+00
1.114885139465332031e+01,-4.243185997009277344e+00
1.117929840087890625e+01,-4.201312065124511719e+00
1.088675975799560547e+01,-4.172381877899169922e+00
1.115047454833984375e+01,-4.278992176055908203e+00
1.115482234954833984e+01,-4.224890232086181641e+00
1.075295829772949219e+01,-4.204011917114257812e+00
1.055708503723144531e+01,-4.043088436126708984e+00
1.071549510955810547e+01,-4.161372661590576172e+00
1.068600273132324219e+01,-4.069650650024414062e+00
1.070399856567382812e+01,-4.101354122161865234e+00
1.060050773620605469e+01,-4.095633983612060547e+00
1.062470912933349609e+01,-4.053376674652099609e+00
1.071651554107666016e+01,-4.228073596954345703e+00
1.068464851379394531e+01,-4.193592548370361328e+00
1.061627769470214844e+01,-4.110075950622558594e+00
1.067838001251220703e+01,-4.249716281890869141e+00
1.072067642211914062e+01,-4.262852668762207031e+00
1.077722072601318359e+01,-4.237906455993652344e+00
1.065212535858154297e+01,-4.176830768585205078e+00
1.083219814300537109e+01,-4.250306606292724609e+00
1.065141773223876953e+01,-4.187362194061279297e+00
1.073915195465087891e+01,-4.264928817749023438e+00
1.104124259948730469e+01,-4.212497711181640625e+00
1.084592533111572266e+01,-4.267027854919433594e+00
1.111983966827392578e+01,-4.223705768585205078e+00
1.102701950073242188e+01,-4.283998012542724609e+00
1.095565986633300781e+01,-4.187473297119140625e+00
1.108891868591308594e+01,-4.258167743682861328e+00
1.079096698760986328e+01,-4.261371135711669922e+00
1.052051162719726562e+01,-4.042467117309570312e+00
1.066907501220703125e+01,-4.274659633636474609e+00
1.098299694061279297e+01,-4.273476600646972656e+00
1.070867443084716797e+01,-4.246562480926513672e+00
1.071262454986572266e+01,-4.240551948547363281e+00
1.070054721832275391e+01,-4.122813224792480469e+00
1.095308780670166016e+01,-4.267251968383789062e+00
1.109577274322509766e+01,-4.198931694030761719e+00
1.072975540161132812e+01,-4.196075916290283203e+00
1.064178466796875000e+01,-4.235563755035400391e+00
1.044298076629638672e+01,-4.081881999969482422e+00
1.070294284820556641e+01,-4.071969985961914062e+00
1.096711349487304688e+01,-4.245476245880126953e+00
1.065155410766601562e+01,-4.132794857025146484e+00
1.076369380950927734e+01,-4.120817661285400391e+00
1.070535659790039062e+01,-4.216137886047363281e+00
1.102665519714355469e+01,-4.150917530059814453e+00
1.111997985839843750e+01,-4.043638229370117188e+00
1.099620723724365234e+01,-4.131633281707763672e+00
1.107207202911376953e+01,-3.992626190185546875e+00
1.101904773712158203e+01,-4.027753829956054688e+00
1.112833595275878906e+01,-3.932125806808471680e+00
1.104710674285888672e+01,-3.990210056304931641e+00
1.112736797332763672e+01,-3.912312984466552734e+00
1.109198665618896484e+01,-4.004244804382324219e+00
1.098604488372802734e+01,-3.943950653076171875e+00
1.108039569854736328e+01,-3.994832277297973633e+00
